18 31
17 35
14 37
9 38
10 54
11 83
12 108
13 124
14 144
16 159
17 174
20 192
22 212
25 230
25 243
25 255
25 271
26 287
28 307
31 325
35 344
37 351
39 354
39 359
40 380
42 400
43 422
44 440
43 448
43 453
44 458
45 473
45 492
43 517
42 525
42 530
41 533
40 539
40 549
39 560
39 568
39 580
39 593
39 605
39 614
39 621
38 628
36 639
36 649
35 660
34 664
226 664
229 645
232 619
234 603
235 597
235 592
237 589
235 583
236 576
237 562
237 542
236 508
234 487
234 482
233 479
233 477
234 476
234 471
233 467
232 464
234 461
234 455
234 448
234 443
235 441
236 440
235 437
235 430
235 420
236 407
237 402
237 398
237 394
237 392
238 390
237 388
238 385
238 382
240 378
238 375
239 371
242 358
245 340
247 327
249 312
249 306
249 258
248 241
246 225
244 215
242 211
242 208
242 191
240 166
239 133
238 99
237 66
237 48
237 36
