19 31
19 34
16 36
12 37
12 46
11 60
11 77
11 92
12 110
16 130
21 163
24 192
26 213
28 224
29 238
29 245
29 251
31 255
29 259
28 270
28 289
28 304
30 318
32 330
36 337
37 348
38 379
40 424
40 463
40 490
37 515
33 539
29 569
28 607
28 634
27 652
26 659
28 664
219 664
221 646
223 633
224 619
226 606
227 603
228 600
228 594
228 587
229 575
230 551
230 514
229 495
227 492
229 490
231 489
228 485
228 482
229 472
230 464
231 456
231 453
233 452
234 450
231 448
232 432
234 416
235 414
235 413
235 408
236 402
236 397
238 385
241 374
245 364
248 350
249 342
249 337
249 215
247 169
245 129
246 108
245 100
246 93
246 90
245 86
245 82
245 68
245 56
246 43
245 36
