1 38
0 272
2 284
6 308
9 319
11 328
13 339
13 350
13 367
15 372
16 381
18 393
19 405
20 417
21 425
22 434
22 441
23 448
25 454
22 462
22 471
22 475
22 481
22 491
23 503
24 513
24 518
23 520
25 523
24 526
25 532
25 536
26 547
26 565
26 573
24 577
25 585
26 592
27 600
27 606
28 613
30 619
30 626
31 632
33 639
34 647
36 655
37 658
37 664
245 664
247 664
245 655
245 651
244 646
243 642
244 638
243 633
242 628
242 624
241 620
242 615
240 610
241 609
240 606
241 602
241 594
240 592
240 586
240 582
239 580
239 574
238 568
238 563
237 561
239 557
238 551
238 547
238 522
238 509
237 493
237 483
236 474
237 470
237 458
236 453
236 450
235 440
236 431
235 417
235 400
236 381
236 375
236 372
236 369
236 365
236 359
236 354
236 351
237 347
237 342
236 337
237 324
237 316
238 305
239 292
239 290
240 286
239 280
239 270
240 262
240 258
241 251
241 242
240 238
241 229
242 226
242 211
242 203
243 198
244 191
245 183
246 173
246 169
247 166
248 160
248 150
249 148
249 137
249 135
249 125
248 116
248 110
249 108
249 36
89 32
61 33
21 32
20 35
15 38
8 38
