0 39
0 275
1 286
3 297
5 306
6 313
7 321
9 328
8 332
9 339
9 345
10 352
11 360
11 368
13 373
11 378
13 386
13 392
15 395
14 400
16 406
16 412
18 419
18 424
19 429
19 435
20 440
18 444
22 452
22 456
22 460
21 462
20 468
20 475
21 482
21 488
22 497
22 504
22 510
23 523
24 533
23 547
23 565
23 578
22 585
23 594
25 602
26 613
27 621
29 633
32 641
31 643
34 651
35 655
37 664
246 664
247 664
246 658
246 654
245 651
245 647
244 644
244 640
242 636
241 634
243 633
242 630
243 627
241 624
242 623
241 620
241 610
241 602
240 600
240 594
239 582
239 578
238 569
239 568
238 560
238 558
239 556
238 532
238 529
237 524
237 515
238 511
237 507
237 498
236 494
236 490
235 485
234 459
235 454
234 451
234 447
234 444
233 429
234 428
233 424
234 420
233 416
233 414
233 410
233 403
233 396
233 389
232 383
233 378
233 374
233 364
233 361
233 354
234 349
234 347
234 343
235 340
234 337
235 332
234 327
235 321
235 318
235 310
237 294
237 289
237 287
238 284
238 280
238 277
237 270
239 266
240 264
240 253
242 243
242 238
243 226
244 222
246 218
247 214
247 212
248 211
249 203
249 199
249 197
249 164
249 158
249 36
109 34
63 33
22 32
19 34
16 36
9 38
