0 39
0 207
1 212
2 228
3 236
8 284
13 315
12 319
14 332
16 356
18 385
20 388
19 393
20 406
20 410
20 418
22 438
21 443
22 446
23 452
24 474
24 479
24 492
23 509
23 520
24 530
24 543
25 549
25 561
25 573
24 593
25 603
24 616
25 624
25 629
26 639
27 649
27 655
28 659
29 664
233 664
234 664
234 651
235 647
235 640
236 637
235 630
235 626
235 617
236 609
236 602
237 594
238 589
240 586
239 582
240 579
240 571
240 559
240 553
238 540
239 538
239 532
239 525
239 516
240 513
238 507
239 504
239 500
239 496
240 483
240 472
240 467
239 456
238 454
238 451
237 416
238 409
238 404
238 400
237 395
237 392
237 369
237 364
237 351
236 346
236 343
238 336
239 323
239 307
240 305
241 293
243 289
244 276
246 271
247 264
248 263
249 242
249 139
249 133
248 117
248 115
249 112
249 96
248 92
248 87
248 84
248 81
247 78
247 77
247 73
248 67
247 65
247 61
247 59
247 57
246 52
246 44
246 37
90 33
49 32
21 32
19 35
16 37
8 39
