1 38
1 68
3 84
5 105
6 126
6 133
7 138
7 142
9 149
11 152
8 153
12 185
16 226
16 238
19 251
21 269
22 301
22 309
23 315
22 320
25 371
25 375
25 380
26 388
26 394
25 397
26 410
27 432
27 437
28 453
28 457
29 462
30 474
29 484
31 493
29 499
31 526
32 544
32 549
30 563
30 566
31 568
29 570
31 573
30 606
31 635
31 643
31 649
31 654
31 659
33 664
239 664
239 646
240 640
241 633
240 628
241 613
243 605
242 600
244 596
243 591
244 581
246 546
247 543
246 538
247 502
248 491
248 475
247 451
246 448
247 444
246 439
245 426
245 414
245 411
246 409
245 402
245 391
245 388
245 386
245 378
244 362
244 345
245 337
247 327
248 313
249 299
249 292
249 37
116 33
21 32
18 35
14 37
8 38
