21 32
20 35
18 37
13 38
13 68
11 86
9 110
8 125
6 144
6 155
6 163
7 166
7 169
4 173
3 183
2 194
1 202
0 213
0 262
2 287
3 344
3 396
3 423
4 430
5 435
6 440
6 444
5 450
2 457
3 467
2 481
2 506
1 523
2 533
3 536
2 539
5 569
8 593
12 618
17 635
21 651
24 659
27 664
236 664
235 651
234 633
235 622
235 614
235 609
235 602
235 598
235 592
236 590
234 580
234 571
234 560
234 554
235 552
233 531
232 487
231 447
231 420
231 411
231 406
231 401
231 397
231 392
232 387
232 382
233 372
235 349
236 333
238 326
238 319
242 295
246 268
249 242
249 37
