0 40
0 157
2 166
5 185
7 203
10 226
12 250
13 277
13 292
15 300
18 328
21 352
25 377
29 403
33 430
36 462
38 489
38 508
40 521
39 547
38 568
38 592
38 616
37 634
37 664
214 664
216 642
215 635
214 627
214 622
215 616
214 613
215 607
216 602
216 596
217 589
218 581
219 574
220 561
220 546
221 539
220 532
221 522
220 519
220 516
221 512
222 505
222 495
221 491
221 485
222 479
223 474
223 467
223 464
224 457
223 454
225 439
226 426
230 396
229 394
232 378
235 358
235 341
235 337
236 333
236 326
237 315
237 305
236 294
236 291
235 276
235 274
234 258
231 241
228 224
230 222
227 210
224 174
222 136
219 106
215 75
214 67
214 64
215 61
213 57
212 37
111 35
22 34
21 37
12 40
3 40
