0 39
0 182
3 198
6 217
11 241
11 253
12 262
13 274
14 287
16 298
18 310
20 327
23 348
26 370
29 393
32 420
34 446
36 474
37 504
37 532
37 558
36 582
36 607
36 630
34 651
34 663
36 664
214 664
215 647
215 643
217 639
216 633
215 627
214 619
214 614
215 608
215 605
215 603
215 598
216 592
217 582
218 574
219 570
220 567
220 552
221 528
222 525
222 518
222 515
222 509
222 500
223 498
222 482
223 467
224 466
223 452
226 431
227 411
230 387
231 381
231 375
233 372
233 366
233 362
233 357
234 352
236 335
236 324
237 314
238 298
238 288
238 284
237 278
237 274
238 272
237 260
236 255
237 251
236 239
234 226
232 222
230 207
231 206
229 193
227 179
227 165
224 143
222 120
221 100
219 84
216 66
214 58
214 49
213 43
211 37
210 36
135 35
82 33
21 33
20 35
17 38
4 40
