0 38
0 321
1 333
3 358
3 366
5 381
5 397
5 402
6 404
5 407
6 411
5 415
8 421
8 424
6 425
6 452
9 454
7 458
7 475
7 488
6 499
6 507
7 513
5 520
6 530
6 536
7 546
8 555
9 560
10 568
11 575
12 584
13 590
13 598
14 606
16 611
17 617
19 626
19 630
20 635
21 641
23 645
24 651
25 655
27 659
26 661
28 664
227 664
227 663
227 661
228 661
228 659
228 656
228 654
229 653
228 650
229 648
229 646
229 623
231 590
233 571
232 565
233 561
234 555
234 548
234 536
234 519
232 511
232 503
231 495
231 485
231 480
230 475
230 466
230 457
229 448
230 436
230 421
230 404
231 401
232 399
231 397
231 392
232 382
233 374
233 365
235 355
238 338
240 322
241 301
242 282
244 281
243 278
244 275
245 258
245 255
247 253
247 250
247 247
248 241
249 230
249 225
249 36
136 33
22 33
21 33
20 35
17 37
7 39
