0 38
0 202
1 205
4 209
4 213
4 217
6 221
5 227
6 232
5 239
6 247
8 255
8 262
8 269
11 276
12 284
12 290
13 295
13 304
13 312
14 319
14 327
16 331
14 337
15 343
16 349
17 357
19 365
20 374
22 381
23 390
24 400
25 408
26 417
25 424
26 436
27 447
27 455
26 466
26 483
26 492
26 499
25 508
24 516
24 522
22 527
23 533
22 540
23 544
23 549
23 558
22 561
21 573
21 583
21 593
21 604
22 613
22 625
22 634
22 640
24 647
25 651
25 656
26 662
28 664
221 664
222 663
222 660
223 657
223 654
224 652
225 649
225 644
226 641
226 637
226 634
228 629
229 626
229 622
231 617
232 612
232 609
235 604
234 601
235 598
237 593
237 590
237 587
237 584
238 581
238 577
237 573
238 569
239 564
240 555
240 544
240 535
239 529
240 524
240 521
240 518
240 495
240 493
239 490
238 488
239 486
241 484
240 481
240 479
240 476
239 473
240 471
240 469
241 466
240 464
240 458
241 456
242 454
243 449
243 439
244 438
244 425
245 418
245 413
246 406
246 400
247 396
247 387
247 378
248 370
248 359
249 339
249 36
117 33
31 31
23 31
21 33
17 36
7 38
