20 31
18 35
14 37
15 53
14 77
14 93
13 103
14 116
12 126
13 132
13 135
12 143
13 149
10 156
11 168
11 178
10 184
10 214
9 218
11 230
13 233
11 235
12 245
13 259
14 268
15 283
16 293
17 301
19 350
19 381
19 386
19 391
19 395
19 399
18 402
20 405
18 411
19 416
19 422
18 425
19 449
19 454
17 485
18 488
17 489
16 492
15 496
16 505
16 511
15 516
15 549
17 584
18 597
22 616
24 630
26 641
27 648
30 664
233 664
234 664
233 660
235 654
235 651
236 646
236 641
235 638
236 632
237 630
237 623
238 617
238 611
239 609
238 607
240 600
239 595
239 590
240 583
240 581
241 572
242 565
241 556
243 551
242 547
244 522
244 520
244 510
243 507
243 504
243 498
242 493
242 488
242 483
242 479
242 474
242 469
242 465
242 461
242 457
243 454
242 451
242 447
243 430
244 428
243 422
243 419
244 408
245 398
247 389
248 381
249 369
249 363
249 37
211 36
120 34
