1 39
0 253
1 263
3 269
4 275
5 282
7 294
9 304
10 315
12 325
14 335
14 341
16 355
22 382
25 404
28 415
29 425
31 438
31 450
33 473
34 497
34 514
34 525
33 534
33 546
34 558
33 566
32 575
32 592
34 609
34 623
34 634
35 642
36 647
36 655
37 664
237 664
237 663
238 660
238 657
239 654
239 651
239 648
240 646
240 644
241 641
241 638
241 636
241 633
242 630
242 628
243 626
243 622
244 617
246 609
246 604
248 603
249 589
249 513
248 500
249 495
247 487
247 484
248 480
247 471
247 469
248 462
247 457
247 454
248 451
248 438
249 359
248 354
249 349
248 345
248 341
248 335
248 332
249 316
249 313
249 185
249 183
249 180
246 176
246 175
248 173
248 170
247 167
247 163
246 160
245 156
245 152
244 149
244 145
243 141
243 139
242 136
243 134
242 131
242 128
242 124
241 118
241 114
241 108
240 103
240 99
239 95
240 92
238 89
239 87
239 84
238 80
238 76
237 73
237 69
236 67
236 64
236 60
236 56
235 52
236 44
235 42
235 35
121 34
68 33
22 32
17 34
14 37
8 39
