18 31
18 35
13 37
6 37
0 38
0 79
3 104
6 123
9 145
11 160
12 168
12 172
13 179
13 203
12 225
13 246
14 259
15 269
16 280
19 293
21 306
26 322
30 340
36 365
41 402
43 437
43 465
41 499
35 537
29 577
29 594
28 623
28 643
29 655
31 664
214 664
219 648
225 627
231 601
233 589
236 559
237 530
236 504
235 493
235 475
235 463
233 459
235 456
235 440
236 416
237 391
239 361
240 342
241 334
242 321
244 311
245 286
246 260
244 235
242 216
240 211
239 208
239 203
237 199
236 196
237 192
236 186
235 175
233 162
229 147
226 131
224 117
222 100
220 83
219 67
216 54
215 46
214 35
