25 31
24 69
25 113
25 133
25 158
25 189
25 201
24 220
24 243
24 250
23 252
24 263
25 288
28 326
32 380
33 400
33 403
33 409
35 446
36 449
37 465
39 497
41 523
42 542
45 576
47 581
48 592
52 615
53 619
53 628
54 629
58 644
61 664
234 664
234 652
233 647
233 644
234 642
233 637
232 634
231 620
231 617
230 600
229 580
228 574
226 555
225 549
225 545
224 537
224 521
224 518
224 499
224 478
225 460
224 429
223 413
224 390
224 350
226 306
229 264
232 235
233 223
234 215
237 200
239 187
241 178
243 166
245 155
249 136
249 37
