10 39
11 63
14 89
20 131
24 149
27 189
30 227
34 263
36 274
35 278
37 287
40 318
43 352
44 385
45 407
46 429
47 454
49 485
49 506
48 526
48 537
46 539
47 546
46 551
47 556
45 586
43 601
42 609
40 611
41 618
39 620
39 628
38 635
38 648
39 654
38 664
213 664
215 649
219 625
222 600
225 586
225 581
226 578
227 569
228 561
228 559
228 555
229 554
229 551
228 549
228 542
229 541
230 539
229 536
229 534
229 530
231 523
230 519
231 515
232 512
232 504
231 501
232 497
232 494
232 474
232 432
232 379
232 354
232 338
233 326
234 312
235 298
235 294
236 264
235 235
234 233
234 231
234 227
234 223
234 208
234 206
233 163
233 136
234 107
234 76
233 59
232 36
101 34
21 31
21 34
19 36
14 38
