0 38
0 97
1 103
2 110
3 117
4 121
5 127
8 136
11 151
12 155
15 161
16 168
22 195
24 207
28 226
31 244
31 249
32 254
33 257
33 261
36 284
44 327
49 368
52 415
53 419
54 436
55 445
56 467
58 488
59 501
59 503
60 521
59 530
59 549
58 563
57 578
56 585
55 595
54 608
53 616
53 628
52 631
51 636
51 642
51 646
50 651
50 656
51 664
227 664
227 662
230 648
240 586
240 567
242 542
244 524
244 514
244 498
244 476
244 465
244 457
244 442
243 425
242 416
243 410
241 407
242 400
241 379
241 372
240 347
239 342
240 317
240 308
240 295
241 278
240 256
239 248
238 238
237 227
237 224
238 222
237 217
237 212
237 207
238 199
238 189
238 177
239 140
239 122
241 91
242 71
242 59
241 36
104 34
20 31
19 34
15 36
7 38
