30 32
28 45
24 91
21 128
19 154
18 174
17 195
15 212
14 227
12 280
13 302
14 330
15 369
16 373
15 377
16 433
16 435
17 441
16 442
18 455
18 464
18 481
19 503
19 518
20 539
21 553
21 559
24 589
27 610
30 633
31 647
31 651
34 664
204 664
205 659
204 656
203 636
203 633
203 613
202 607
202 596
201 592
201 579
201 576
201 574
201 563
201 547
200 545
201 524
201 522
201 513
201 509
203 488
202 484
203 472
203 453
204 450
203 443
204 441
204 429
205 426
205 405
205 403
206 385
206 374
207 372
207 355
209 336
209 318
212 296
216 267
219 239
222 214
226 183
230 155
230 150
231 147
233 135
233 129
245 38
173 35
