1 40
1 150
1 158
2 162
1 166
3 207
5 211
4 216
4 235
3 238
3 258
3 261
4 297
5 299
5 305
7 326
10 350
12 363
14 386
20 460
22 467
23 474
24 485
26 492
27 494
25 501
25 506
27 508
26 511
30 553
32 559
36 590
36 594
41 621
43 631
45 635
48 659
50 664
247 664
247 661
247 639
246 635
245 614
244 609
244 602
243 594
242 585
241 575
240 557
239 540
238 534
237 514
237 497
236 475
236 454
237 438
238 421
238 400
238 386
239 381
238 355
239 341
240 322
241 320
242 284
241 261
242 234
246 222
247 209
249 192
249 187
249 36
20 30
20 33
19 35
13 36
6 38
