37 32
36 44
33 48
33 61
32 71
32 86
31 107
32 128
32 148
31 154
31 166
30 185
30 201
28 217
29 225
27 228
26 237
25 242
26 247
24 250
23 258
23 269
22 277
21 286
21 295
20 298
20 318
20 335
20 347
22 361
22 377
24 396
24 400
25 429
24 438
27 496
28 499
29 501
29 503
27 508
28 512
29 515
29 543
29 551
31 562
34 589
37 608
40 624
41 636
43 639
42 643
44 649
45 663
47 664
239 664
239 656
238 647
238 637
238 614
237 584
238 579
237 554
237 550
237 545
236 539
236 534
236 530
236 525
236 521
236 517
237 504
239 489
239 476
241 471
241 467
243 439
244 423
246 412
247 392
249 371
249 37
