2 38
0 62
1 93
3 101
6 108
7 115
8 122
8 131
7 142
6 149
6 159
5 167
5 176
5 188
4 202
3 213
3 224
3 232
3 241
4 256
6 272
10 287
14 306
17 325
19 344
20 360
22 383
24 403
25 425
27 455
26 459
28 487
29 517
30 545
31 570
32 591
32 603
32 616
31 628
29 641
28 650
28 664
220 664
222 648
224 624
225 622
226 609
226 604
224 599
226 596
227 592
227 589
234 466
237 433
238 418
239 399
239 386
238 377
238 360
237 357
237 340
235 336
238 332
238 317
240 280
242 235
243 219
243 195
243 176
244 157
243 145
242 113
241 82
238 65
239 59
241 37
104 33
22 33
20 35
11 38
