  0.1191	  3.6003	 -0.0663	 -3.1209	  1.0000
  0.2435	  3.6003	 -0.0702	 -3.1217	  1.0000
  0.3678	  3.6003	 -0.0709	 -3.1254	  1.0000
  0.4921	  3.6003	 -0.0781	 -3.1314	  1.0000
  0.6165	  3.6003	 -0.0837	 -3.1348	  1.0000
  0.7408	  3.6003	 -0.2565	 -3.1610	  0.0000
  0.8651	  3.6003	 -0.1520	 -3.1624	  0.0000
  0.9894	  3.6003	 -0.0921	 -3.1525	  0.0000
  1.1138	  3.6003	 -0.1738	 -3.1248	  0.0000
  1.2381	  3.6003	 -0.2095	 -3.0692	  0.0000
  1.3624	  3.6003	  0.0221	 -3.0220	  1.0000
  1.4867	  3.6003	  0.0671	 -2.9888	  1.0000
  1.6111	  3.6003	  0.0874	 -2.9584	  1.0000
  1.7354	  3.6003	  0.0936	 -2.9155	  1.0000
  1.8597	  3.6003	  0.0943	 -2.8898	  1.0000
  1.9840	  3.6003	  0.0833	 -2.8571	  1.0000
  2.1084	  3.6003	  0.4706	 -3.0609	  0.0000
  2.2327	  3.6003	  0.0011	 -2.7569	  1.0000
  2.3570	  3.6003	 -0.0436	 -2.6778	  1.0000
  2.4814	  3.6003	 -0.0873	 -2.6304	  1.0000
  2.6057	  3.6003	 -0.1305	 -2.6574	  1.0000
  2.7300	  3.6003	 -0.1333	 -2.6921	  1.0000
  2.8543	  3.6003	 -0.1519	 -2.7331	  1.0000
  2.9787	  3.6003	 -0.1464	 -2.7937	  1.0000
  3.1030	  3.6003	  0.0292	 -3.2801	  0.0000
  3.2273	  3.6003	  0.1026	 -3.1422	  0.0000
  3.3516	  3.6003	 -0.0738	 -2.9628	  1.0000
  3.4760	  3.6003	  0.0031	 -3.1128	  0.0000
  3.6003	  3.6003	 -0.0888	 -3.0300	  0.0000
  3.7246	  3.6003	 -0.0868	 -2.8825	  0.0000
  3.8489	  3.6003	 -0.0666	 -2.8598	  0.0000
  3.9733	  3.6003	  0.0468	 -3.0038	  0.0000
  4.0976	  3.6003	 -0.0490	 -3.0473	  0.0000
  4.2219	  3.6003	 -0.1055	 -2.8202	  1.0000
  4.3462	  3.6003	 -0.0954	 -2.8097	  1.0000
  4.4706	  3.6003	 -0.0741	 -2.6085	  0.0000
  4.5949	  3.6003	 -0.0573	 -2.8149	  1.0000
  4.7192	  3.6003	 -0.0669	 -2.7944	  1.0000
  4.8436	  3.6003	 -0.0282	 -2.8377	  1.0000
  4.9679	  3.6003	 -0.0120	 -2.8588	  1.0000
  5.0922	  3.6003	 -0.0446	 -2.8121	  1.0000
  0.1191	  3.4760	 -0.0631	 -3.1168	  1.0000
  0.2435	  3.4760	 -0.0648	 -3.1179	  1.0000
  0.3678	  3.4760	 -0.0647	 -3.1202	  1.0000
  0.4921	  3.4760	 -0.0774	 -3.1239	  1.0000
  0.6165	  3.4760	 -0.0838	 -3.1268	  1.0000
  0.7408	  3.4760	 -0.1527	 -3.1623	  0.0000
  0.8651	  3.4760	 -0.0976	 -3.1639	  0.0000
  0.9894	  3.4760	 -0.0581	 -3.1480	  0.0000
  1.1138	  3.4760	 -0.1230	 -3.1862	  0.0000
  1.2381	  3.4760	  0.0003	 -3.0422	  1.0000
  1.3624	  3.4760	  0.0164	 -3.0076	  1.0000
  1.4867	  3.4760	  0.0559	 -2.9820	  1.0000
  1.6111	  3.4760	  0.0877	 -2.9480	  1.0000
  1.7354	  3.4760	  0.0901	 -2.9072	  1.0000
  1.8597	  3.4760	  0.1260	 -2.9026	  1.0000
  1.9840	  3.4760	  0.1066	 -2.8687	  1.0000
  2.1084	  3.4760	  0.0377	 -2.8006	  1.0000
  2.2327	  3.4760	  0.0321	 -2.7747	  1.0000
  2.3570	  3.4760	 -0.0248	 -2.7139	  1.0000
  2.4814	  3.4760	 -0.1175	 -2.6364	  1.0000
  2.6057	  3.4760	 -0.0651	 -2.5213	  0.0000
  2.7300	  3.4760	 -0.1715	 -2.6618	  1.0000
  2.8543	  3.4760	 -0.1597	 -2.7063	  1.0000
  2.9787	  3.4760	 -0.1088	 -3.0490	  0.0000
  3.1030	  3.4760	 -0.1525	 -3.0456	  0.0000
  3.2273	  3.4760	 -0.0682	 -2.9201	  1.0000
  3.3516	  3.4760	 -0.0192	 -2.9964	  1.0000
  3.4760	  3.4760	 -0.0302	 -2.9845	  1.0000
  3.6003	  3.4760	 -0.0626	 -2.9710	  1.0000
  3.7246	  3.4760	 -0.1924	 -2.9073	  0.0000
  3.8489	  3.4760	 -0.0529	 -2.9857	  1.0000
  3.9733	  3.4760	 -0.0966	 -2.9224	  1.0000
  4.0976	  3.4760	 -0.1096	 -2.8510	  1.0000
  4.2219	  3.4760	 -0.0915	 -2.8260	  1.0000
  4.3462	  3.4760	 -0.0929	 -2.8115	  1.0000
  4.4706	  3.4760	 -0.1019	 -2.7702	  1.0000
  4.5949	  3.4760	 -0.0851	 -2.7564	  1.0000
  4.7192	  3.4760	  0.1694	 -3.1247	  0.0000
  4.8436	  3.4760	 -0.0580	 -2.7965	  1.0000
  4.9679	  3.4760	 -0.0549	 -2.7959	  1.0000
  5.0922	  3.4760	 -0.0341	 -2.8220	  1.0000
  0.1191	  3.3516	 -0.0586	 -3.1123	  1.0000
  0.2435	  3.3516	 -0.0591	 -3.1131	  1.0000
  0.3678	  3.3516	 -0.0600	 -3.1130	  1.0000
  0.4921	  3.3516	 -0.0737	 -3.1163	  1.0000
  0.6165	  3.3516	 -0.0598	 -3.1448	  0.0000
  0.7408	  3.3516	 -0.0592	 -3.1283	  1.0000
  0.8651	  3.3516	 -0.0671	 -3.1298	  1.0000
  0.9894	  3.3516	 -0.0640	 -3.1008	  1.0000
  1.1138	  3.3516	 -0.0204	 -3.0752	  1.0000
  1.2381	  3.3516	  0.0147	 -3.0542	  1.0000
  1.3624	  3.3516	  0.0327	 -3.0070	  1.0000
  1.4867	  3.3516	  0.0614	 -2.9588	  1.0000
  1.6111	  3.3516	  0.0924	 -2.9259	  1.0000
  1.7354	  3.3516	  0.1940	 -3.0154	  0.0000
  1.8597	  3.3516	  0.1123	 -2.8851	  1.0000
  1.9840	  3.3516	  0.0924	 -2.8520	  1.0000
  2.1084	  3.3516	  0.0397	 -2.8013	  1.0000
  2.2327	  3.3516	  0.0204	 -2.7719	  1.0000
  2.3570	  3.3516	 -0.0265	 -2.7236	  1.0000
  2.4814	  3.3516	 -0.1122	 -2.6621	  1.0000
  2.6057	  3.3516	 -0.1945	 -2.4568	  0.0000
  2.7300	  3.3516	 -0.2755	 -2.4215	  0.0000
  2.8543	  3.3516	 -0.1621	 -2.7355	  1.0000
  2.9787	  3.3516	 -0.1494	 -2.7709	  1.0000
  3.1030	  3.3516	 -0.0981	 -2.9384	  0.0000
  3.2273	  3.3516	 -0.0843	 -2.9208	  1.0000
  3.3516	  3.3516	 -0.0488	 -2.9656	  1.0000
  3.4760	  3.3516	 -0.0457	 -2.9570	  1.0000
  3.6003	  3.3516	 -0.0489	 -2.9650	  1.0000
  3.7246	  3.3516	 -0.0749	 -3.0550	  0.0000
  3.8489	  3.3516	 -0.2116	 -2.9417	  0.0000
  3.9733	  3.3516	 -0.0852	 -2.9118	  1.0000
  4.0976	  3.3516	 -0.0973	 -2.8673	  1.0000
  4.2219	  3.3516	 -0.1105	 -2.8218	  1.0000
  4.3462	  3.3516	 -0.1747	 -2.6224	  0.0000
  4.4706	  3.3516	 -0.0932	 -2.7921	  1.0000
  4.5949	  3.3516	 -0.0865	 -2.7708	  1.0000
  4.7192	  3.3516	 -0.0788	 -2.7623	  1.0000
  4.8436	  3.3516	 -0.0470	 -2.8052	  1.0000
  4.9679	  3.3516	 -0.0381	 -2.8155	  1.0000
  5.0922	  3.3516	 -0.0476	 -2.7997	  1.0000
  0.1191	  3.2273	 -0.0505	 -3.1035	  1.0000
  0.2435	  3.2273	 -0.0514	 -3.1034	  1.0000
  0.3678	  3.2273	 -0.0505	 -3.1045	  1.0000
  0.4921	  3.2273	 -0.0510	 -3.1055	  1.0000
  0.6165	  3.2273	 -0.0480	 -3.1030	  1.0000
  0.7408	  3.2273	 -0.0369	 -3.1063	  1.0000
  0.8651	  3.2273	 -0.0303	 -3.1133	  1.0000
  0.9894	  3.2273	 -0.0124	 -3.0864	  1.0000
  1.1138	  3.2273	  0.0189	 -3.0467	  1.0000
  1.2381	  3.2273	  0.0440	 -3.0275	  1.0000
  1.3624	  3.2273	  0.0667	 -2.9917	  1.0000
  1.4867	  3.2273	  0.0935	 -2.9474	  1.0000
  1.6111	  3.2273	  0.1141	 -2.9110	  1.0000
  1.7354	  3.2273	  0.1111	 -2.8843	  1.0000
  1.8597	  3.2273	  0.0935	 -2.8694	  1.0000
  1.9840	  3.2273	  0.0752	 -2.8425	  1.0000
  2.1084	  3.2273	  0.0447	 -2.8082	  1.0000
  2.2327	  3.2273	 -0.0095	 -2.7685	  1.0000
  2.3570	  3.2273	 -0.0555	 -2.7160	  1.0000
  2.4814	  3.2273	 -0.1086	 -2.6684	  1.0000
  2.6057	  3.2273	 -0.2421	 -2.5276	  0.0000
  2.7300	  3.2273	 -0.3272	 -2.4693	  0.0000
  2.8543	  3.2273	 -0.4034	 -2.5646	  0.0000
  2.9787	  3.2273	 -0.1728	 -2.7421	  1.0000
  3.1030	  3.2273	 -0.0764	 -2.7258	  0.0000
  3.2273	  3.2273	 -0.0067	 -2.7488	  0.0000
  3.3516	  3.2273	 -0.0450	 -2.8398	  0.0000
  3.4760	  3.2273	  0.0048	 -2.9518	  0.0000
  3.6003	  3.2273	  0.0789	 -3.1840	  0.0000
  3.7246	  3.2273	  0.0143	 -3.1169	  0.0000
  3.8489	  3.2273	 -0.1205	 -3.0060	  0.0000
  3.9733	  3.2273	 -0.1241	 -2.9114	  0.0000
  4.0976	  3.2273	 -0.1203	 -2.8507	  1.0000
  4.2219	  3.2273	 -0.1333	 -2.7959	  1.0000
  4.3462	  3.2273	 -0.1359	 -2.7041	  0.0000
  4.4706	  3.2273	 -0.0999	 -2.7740	  1.0000
  4.5949	  3.2273	 -0.0986	 -2.7552	  1.0000
  4.7192	  3.2273	 -0.0925	 -2.7465	  1.0000
  4.8436	  3.2273	 -0.0535	 -2.7853	  1.0000
  4.9679	  3.2273	 -0.0431	 -2.7981	  1.0000
  5.0922	  3.2273	 -0.0609	 -2.7735	  1.0000
  0.1191	  3.1030	 -0.0419	 -3.0933	  1.0000
  0.2435	  3.1030	 -0.0417	 -3.0925	  1.0000
  0.3678	  3.1030	 -0.0394	 -3.0926	  1.0000
  0.4921	  3.1030	 -0.0335	 -3.0909	  1.0000
  0.6165	  3.1030	 -0.0265	 -3.0854	  1.0000
  0.7408	  3.1030	 -0.0133	 -3.0715	  1.0000
  0.8651	  3.1030	  0.0028	 -3.0620	  1.0000
  0.9894	  3.1030	 -0.0118	 -3.2428	  0.0000
  1.1138	  3.1030	  0.0893	 -3.1248	  0.0000
  1.2381	  3.1030	  0.0705	 -2.9791	  1.0000
  1.3624	  3.1030	  0.1151	 -2.9270	  1.0000
  1.4867	  3.1030	  0.1581	 -2.8859	  1.0000
  1.6111	  3.1030	  0.1368	 -2.8889	  1.0000
  1.7354	  3.1030	  0.1269	 -2.8597	  1.0000
  1.8597	  3.1030	  0.1367	 -2.8333	  1.0000
  1.9840	  3.1030	  0.0879	 -2.8335	  1.0000
  2.1084	  3.1030	  0.0291	 -2.8189	  1.0000
  2.2327	  3.1030	 -0.0148	 -2.7849	  1.0000
  2.3570	  3.1030	 -0.0673	 -2.7345	  1.0000
  2.4814	  3.1030	 -0.1169	 -2.6875	  1.0000
  2.6057	  3.1030	 -0.1572	 -2.6781	  1.0000
  2.7300	  3.1030	 -0.3932	 -2.4609	  0.0000
  2.8543	  3.1030	 -0.1829	 -2.6724	  1.0000
  2.9787	  3.1030	 -0.1818	 -2.7065	  1.0000
  3.1030	  3.1030	 -0.1648	 -2.7576	  1.0000
  3.2273	  3.1030	 -0.1305	 -2.7532	  0.0000
  3.3516	  3.1030	 -0.1142	 -2.8742	  1.0000
  3.4760	  3.1030	 -0.1007	 -2.9100	  1.0000
  3.6003	  3.1030	 -0.1187	 -2.9323	  1.0000
  3.7246	  3.1030	  0.0797	 -3.0501	  0.0000
  3.8489	  3.1030	  0.0174	 -2.9993	  0.0000
  3.9733	  3.1030	 -0.0574	 -2.9959	  0.0000
  4.0976	  3.1030	 -0.1412	 -2.8329	  1.0000
  4.2219	  3.1030	 -0.2065	 -2.7542	  0.0000
  4.3462	  3.1030	 -0.2423	 -2.6690	  0.0000
  4.4706	  3.1030	 -0.2760	 -2.5821	  0.0000
  4.5949	  3.1030	 -0.0933	 -2.7265	  1.0000
  4.7192	  3.1030	 -0.0750	 -2.7423	  1.0000
  4.8436	  3.1030	 -0.0762	 -2.7470	  1.0000
  4.9679	  3.1030	 -0.0708	 -2.7487	  1.0000
  5.0922	  3.1030	 -0.0604	 -2.7609	  1.0000
  0.1191	  2.9787	 -0.0332	 -3.0818	  1.0000
  0.2435	  2.9787	 -0.0314	 -3.0804	  1.0000
  0.3678	  2.9787	 -0.0281	 -3.0778	  1.0000
  0.4921	  2.9787	 -0.0211	 -3.0722	  1.0000
  0.6165	  2.9787	 -0.0112	 -3.0652	  1.0000
  0.7408	  2.9787	  0.0029	 -3.0630	  1.0000
  0.8651	  2.9787	  0.0338	 -3.0322	  1.0000
  0.9894	  2.9787	  0.0727	 -2.9739	  1.0000
  1.1138	  2.9787	  0.0425	 -3.0998	  0.0000
  1.2381	  2.9787	  0.0837	 -2.9983	  0.0000
  1.3624	  2.9787	  0.1593	 -2.8717	  1.0000
  1.4867	  2.9787	  0.1749	 -2.8475	  1.0000
  1.6111	  2.9787	  0.1379	 -2.8709	  1.0000
  1.7354	  2.9787	  0.1300	 -2.8545	  1.0000
  1.8597	  2.9787	  0.1259	 -2.8313	  1.0000
  1.9840	  2.9787	  0.0742	 -2.8361	  1.0000
  2.1084	  2.9787	  0.0202	 -2.8317	  1.0000
  2.2327	  2.9787	 -0.0161	 -2.8110	  1.0000
  2.3570	  2.9787	 -0.0623	 -2.7773	  1.0000
  2.4814	  2.9787	 -0.1237	 -2.7224	  1.0000
  2.6057	  2.9787	 -0.1599	 -2.7009	  1.0000
  2.7300	  2.9787	 -0.1687	 -2.7040	  1.0000
  2.8543	  2.9787	 -0.1943	 -2.6673	  1.0000
  2.9787	  2.9787	 -0.2036	 -2.6701	  1.0000
  3.1030	  2.9787	 -0.1823	 -2.7329	  1.0000
  3.2273	  2.9787	 -0.1786	 -2.7756	  1.0000
  3.3516	  2.9787	 -0.1625	 -2.8206	  1.0000
  3.4760	  2.9787	 -0.1305	 -2.8724	  1.0000
  3.6003	  2.9787	 -0.1414	 -2.9058	  1.0000
  3.7246	  2.9787	 -0.0613	 -2.9678	  0.0000
  3.8489	  2.9787	 -0.1304	 -2.9258	  1.0000
  3.9733	  2.9787	 -0.1311	 -2.8749	  1.0000
  4.0976	  2.9787	 -0.1506	 -2.8379	  1.0000
  4.2219	  2.9787	 -0.1374	 -2.7929	  1.0000
  4.3462	  2.9787	 -0.1234	 -2.7511	  1.0000
  4.4706	  2.9787	 -0.1608	 -2.6376	  0.0000
  4.5949	  2.9787	 -0.1009	 -2.7119	  1.0000
  4.7192	  2.9787	 -0.0802	 -2.7190	  1.0000
  4.8436	  2.9787	 -0.0806	 -2.7250	  1.0000
  4.9679	  2.9787	 -0.0761	 -2.7265	  1.0000
  5.0922	  2.9787	 -0.0693	 -2.7337	  1.0000
  0.1191	  2.8543	 -0.0248	 -3.0694	  1.0000
  0.2435	  2.8543	 -0.0226	 -3.0681	  1.0000
  0.3678	  2.8543	 -0.0182	 -3.0648	  1.0000
  0.4921	  2.8543	 -0.0104	 -3.0569	  1.0000
  0.6165	  2.8543	  0.0014	 -3.0455	  1.0000
  0.7408	  2.8543	  0.0185	 -3.0382	  1.0000
  0.8651	  2.8543	  0.0458	 -3.0147	  1.0000
  0.9894	  2.8543	  0.0959	 -2.9592	  1.0000
  1.1138	  2.8543	  0.1128	 -2.9391	  1.0000
  1.2381	  2.8543	  0.2055	 -2.7007	  0.0000
  1.3624	  2.8543	  0.1494	 -2.8842	  1.0000
  1.4867	  2.8543	  0.1411	 -2.8719	  1.0000
  1.6111	  2.8543	  0.5216	 -2.5565	  0.0000
  1.7354	  2.8543	  0.4684	 -2.6210	  0.0000
  1.8597	  2.8543	  0.0661	 -2.8813	  1.0000
  1.9840	  2.8543	  0.0446	 -2.8692	  1.0000
  2.1084	  2.8543	  0.0166	 -2.8554	  1.0000
  2.2327	  2.8543	 -0.0212	 -2.8480	  1.0000
  2.3570	  2.8543	 -0.0590	 -2.8230	  1.0000
  2.4814	  2.8543	 -0.1077	 -2.7721	  1.0000
  2.6057	  2.8543	 -0.1330	 -2.7480	  1.0000
  2.7300	  2.8543	 -0.1472	 -2.7343	  1.0000
  2.8543	  2.8543	 -0.1871	 -2.6903	  1.0000
  2.9787	  2.8543	 -0.2000	 -2.6882	  1.0000
  3.1030	  2.8543	 -0.1985	 -2.7280	  1.0000
  3.2273	  2.8543	 -0.2212	 -2.7475	  1.0000
  3.3516	  2.8543	 -0.2186	 -2.7743	  1.0000
  3.4760	  2.8543	 -0.2884	 -2.9478	  0.0000
  3.6003	  2.8543	 -0.2106	 -2.8838	  1.0000
  3.7246	  2.8543	 -0.2021	 -2.8865	  1.0000
  3.8489	  2.8543	 -0.1789	 -2.8852	  1.0000
  3.9733	  2.8543	 -0.1709	 -2.8652	  1.0000
  4.0976	  2.8543	 -0.1648	 -2.8289	  1.0000
  4.2219	  2.8543	 -0.1561	 -2.7748	  1.0000
  4.3462	  2.8543	 -0.1390	 -2.7332	  1.0000
  4.4706	  2.8543	  0.0323	 -2.6458	  0.0000
  4.5949	  2.8543	 -0.1134	 -2.6958	  1.0000
  4.7192	  2.8543	 -0.0974	 -2.6932	  1.0000
  4.8436	  2.8543	 -0.0799	 -2.7030	  1.0000
  4.9679	  2.8543	 -0.0772	 -2.7046	  1.0000
  5.0922	  2.8543	 -0.0793	 -2.7040	  1.0000
  0.1191	  2.7300	 -0.0165	 -3.0569	  1.0000
  0.2435	  2.7300	 -0.0140	 -3.0555	  1.0000
  0.3678	  2.7300	 -0.0146	 -3.0510	  1.0000
  0.4921	  2.7300	 -0.0066	 -3.0434	  1.0000
  0.6165	  2.7300	  0.0114	 -3.0312	  1.0000
  0.7408	  2.7300	  0.0289	 -3.0055	  1.0000
  0.8651	  2.7300	  0.0454	 -2.9911	  1.0000
  0.9894	  2.7300	  0.0863	 -2.9511	  1.0000
  1.1138	  2.7300	  0.2350	 -2.6600	  0.0000
  1.2381	  2.7300	  0.3319	 -2.6905	  0.0000
  1.3624	  2.7300	  0.1394	 -2.8740	  1.0000
  1.4867	  2.7300	  0.1631	 -2.8403	  1.0000
  1.6111	  2.7300	  0.1091	 -2.8765	  1.0000
  1.7354	  2.7300	  0.0836	 -2.8870	  1.0000
  1.8597	  2.7300	  0.0864	 -2.8752	  1.0000
  1.9840	  2.7300	  0.0434	 -2.8893	  1.0000
  2.1084	  2.7300	 -0.0064	 -2.9000	  1.0000
  2.2327	  2.7300	 -0.0332	 -2.8850	  1.0000
  2.3570	  2.7300	 -0.0605	 -2.8555	  1.0000
  2.4814	  2.7300	 -0.0264	 -2.9037	  0.0000
  2.6057	  2.7300	 -0.1173	 -2.7843	  1.0000
  2.7300	  2.7300	 -0.1480	 -2.7421	  1.0000
  2.8543	  2.7300	 -0.1717	 -2.7211	  1.0000
  2.9787	  2.7300	 -0.1940	 -2.7099	  1.0000
  3.1030	  2.7300	 -0.2589	 -2.4746	  0.0000
  3.2273	  2.7300	 -0.2416	 -2.7305	  1.0000
  3.3516	  2.7300	 -0.2466	 -2.7619	  1.0000
  3.4760	  2.7300	 -0.4023	 -2.8167	  0.0000
  3.6003	  2.7300	 -0.2647	 -2.8365	  1.0000
  3.7246	  2.7300	 -0.2412	 -2.8360	  1.0000
  3.8489	  2.7300	 -0.2207	 -2.8335	  1.0000
  3.9733	  2.7300	 -0.2668	 -3.0023	  0.0000
  4.0976	  2.7300	 -0.1776	 -2.7945	  1.0000
  4.2219	  2.7300	 -0.1477	 -2.7456	  1.0000
  4.3462	  2.7300	 -0.1304	 -2.7218	  1.0000
  4.4706	  2.7300	  0.0136	 -2.7674	  0.0000
  4.5949	  2.7300	 -0.0967	 -2.6819	  1.0000
  4.7192	  2.7300	 -0.0883	 -2.6732	  1.0000
  4.8436	  2.7300	 -0.0842	 -2.6819	  1.0000
  4.9679	  2.7300	 -0.0800	 -2.6809	  1.0000
  5.0922	  2.7300	 -0.0805	 -2.6789	  1.0000
  0.1191	  2.6057	 -0.0103	 -3.0436	  1.0000
  0.2435	  2.6057	 -0.0082	 -3.0410	  1.0000
  0.3678	  2.6057	 -0.0088	 -3.0412	  1.0000
  0.4921	  2.6057	 -0.0002	 -3.0392	  1.0000
  0.6165	  2.6057	  0.0156	 -3.0216	  1.0000
  0.7408	  2.6057	  0.0297	 -2.9981	  1.0000
  0.8651	  2.6057	  0.0578	 -2.9660	  1.0000
  0.9894	  2.6057	  0.0910	 -2.9171	  1.0000
  1.1138	  2.6057	  0.0972	 -2.9050	  1.0000
  1.2381	  2.6057	  0.4002	 -2.6885	  0.0000
  1.3624	  2.6057	  0.1270	 -2.8511	  1.0000
  1.4867	  2.6057	  0.1074	 -2.8694	  1.0000
  1.6111	  2.6057	  0.0489	 -2.9199	  1.0000
  1.7354	  2.6057	  0.0519	 -2.9111	  1.0000
  1.8597	  2.6057	  0.0406	 -2.9270	  1.0000
  1.9840	  2.6057	 -0.0009	 -2.9637	  1.0000
  2.1084	  2.6057	 -0.0238	 -2.9596	  1.0000
  2.2327	  2.6057	 -0.0321	 -2.9374	  1.0000
  2.3570	  2.6057	 -0.0499	 -2.9124	  1.0000
  2.4814	  2.6057	 -0.0620	 -2.9431	  0.0000
  2.6057	  2.6057	 -0.1087	 -2.8201	  1.0000
  2.7300	  2.6057	 -0.1383	 -2.7644	  1.0000
  2.8543	  2.6057	 -0.1641	 -2.6988	  1.0000
  2.9787	  2.6057	 -0.1924	 -2.6608	  1.0000
  3.1030	  2.6057	 -0.2264	 -2.6761	  1.0000
  3.2273	  2.6057	 -0.2571	 -2.6772	  1.0000
  3.3516	  2.6057	 -0.3611	 -2.7460	  0.0000
  3.4760	  2.6057	 -0.4177	 -2.7687	  0.0000
  3.6003	  2.6057	 -0.2816	 -2.7666	  1.0000
  3.7246	  2.6057	 -0.5042	 -2.9871	  0.0000
  3.8489	  2.6057	 -0.3732	 -2.9691	  0.0000
  3.9733	  2.6057	 -0.2142	 -2.7715	  1.0000
  4.0976	  2.6057	 -0.1916	 -2.7657	  1.0000
  4.2219	  2.6057	 -0.1501	 -2.7438	  1.0000
  4.3462	  2.6057	 -0.1258	 -2.7046	  1.0000
  4.4706	  2.6057	 -0.1256	 -2.6785	  1.0000
  4.5949	  2.6057	 -0.0874	 -2.6659	  1.0000
  4.7192	  2.6057	 -0.0764	 -2.6596	  1.0000
  4.8436	  2.6057	 -0.0915	 -2.6533	  1.0000
  4.9679	  2.6057	 -0.0834	 -2.6526	  1.0000
  5.0922	  2.6057	 -0.0746	 -2.6575	  1.0000
  0.1191	  2.4814	 -0.0057	 -3.0295	  1.0000
  0.2435	  2.4814	 -0.0043	 -3.0280	  1.0000
  0.3678	  2.4814	  0.0004	 -3.0286	  1.0000
  0.4921	  2.4814	  0.0078	 -3.0250	  1.0000
  0.6165	  2.4814	 -0.0567	 -3.0076	  0.0000
  0.7408	  2.4814	  0.0307	 -2.9893	  1.0000
  0.8651	  2.4814	  0.0542	 -2.9583	  1.0000
  0.9894	  2.4814	  0.0938	 -2.9099	  1.0000
  1.1138	  2.4814	  0.0939	 -2.9055	  1.0000
  1.2381	  2.4814	  0.0742	 -2.9030	  1.0000
  1.3624	  2.4814	  0.0770	 -2.8861	  1.0000
  1.4867	  2.4814	  0.0055	 -2.9382	  1.0000
  1.6111	  2.4814	 -0.0202	 -2.9627	  1.0000
  1.7354	  2.4814	 -0.0095	 -2.9598	  1.0000
  1.8597	  2.4814	 -0.0749	 -3.0147	  1.0000
  1.9840	  2.4814	 -0.0617	 -3.0286	  1.0000
  2.1084	  2.4814	 -0.0215	 -3.0015	  1.0000
  2.2327	  2.4814	 -0.0327	 -2.9833	  1.0000
  2.3570	  2.4814	 -0.0486	 -2.9551	  1.0000
  2.4814	  2.4814	 -0.0692	 -2.9084	  1.0000
  2.6057	  2.4814	 -0.0963	 -2.8443	  1.0000
  2.7300	  2.4814	 -0.1336	 -2.7769	  1.0000
  2.8543	  2.4814	 -0.1641	 -2.6962	  1.0000
  2.9787	  2.4814	 -0.2044	 -2.6398	  1.0000
  3.1030	  2.4814	 -0.2567	 -2.6451	  1.0000
  3.2273	  2.4814	 -0.2882	 -2.6407	  1.0000
  3.3516	  2.4814	 -0.2988	 -2.6328	  1.0000
  3.4760	  2.4814	 -0.3242	 -2.6827	  1.0000
  3.6003	  2.4814	 -0.3434	 -2.7363	  1.0000
  3.7246	  2.4814	 -0.3089	 -2.7549	  1.0000
  3.8489	  2.4814	 -0.2748	 -2.7604	  1.0000
  3.9733	  2.4814	 -0.2486	 -2.7552	  1.0000
  4.0976	  2.4814	 -0.2072	 -2.7414	  1.0000
  4.2219	  2.4814	 -0.1620	 -2.7178	  1.0000
  4.3462	  2.4814	 -0.1291	 -2.6790	  1.0000
  4.4706	  2.4814	 -0.1174	 -2.6479	  1.0000
  4.5949	  2.4814	 -0.0986	 -2.6498	  1.0000
  4.7192	  2.4814	 -0.0813	 -2.6410	  1.0000
  4.8436	  2.4814	 -0.0781	 -2.6230	  1.0000
  4.9679	  2.4814	 -0.0827	 -2.6319	  1.0000
  5.0922	  2.4814	 -0.0794	 -2.6426	  1.0000
  0.1191	  2.3570	 -0.0002	 -3.0144	  1.0000
  0.2435	  2.3570	  0.0015	 -3.0146	  1.0000
  0.3678	  2.3570	  0.0003	 -3.0101	  1.0000
  0.4921	  2.3570	  0.0054	 -3.0013	  1.0000
  0.6165	  2.3570	  0.0100	 -3.0709	  0.0000
  0.7408	  2.3570	  0.0368	 -3.0861	  0.0000
  0.8651	  2.3570	  0.0365	 -2.9448	  1.0000
  0.9894	  2.3570	  0.0609	 -2.9336	  1.0000
  1.1138	  2.3570	  0.0676	 -2.9079	  1.0000
  1.2381	  2.3570	  0.0402	 -2.9195	  1.0000
  1.3624	  2.3570	  0.0194	 -2.9385	  1.0000
  1.4867	  2.3570	 -0.0153	 -2.9544	  1.0000
  1.6111	  2.3570	 -0.0369	 -2.9771	  1.0000
  1.7354	  2.3570	 -0.4378	 -3.2637	  0.0000
  1.8597	  2.3570	 -0.0835	 -3.0211	  1.0000
  1.9840	  2.3570	 -0.0627	 -3.0143	  1.0000
  2.1084	  2.3570	  0.0157	 -3.1670	  0.0000
  2.2327	  2.3570	 -0.0328	 -3.2537	  0.0000
  2.3570	  2.3570	 -0.0539	 -3.1547	  0.0000
  2.4814	  2.3570	 -0.0595	 -2.8986	  1.0000
  2.6057	  2.3570	 -0.0764	 -2.8437	  1.0000
  2.7300	  2.3570	 -0.1260	 -2.7713	  1.0000
  2.8543	  2.3570	 -0.1788	 -2.7146	  1.0000
  2.9787	  2.3570	 -0.2285	 -2.6629	  1.0000
  3.1030	  2.3570	 -0.1072	 -2.3843	  0.0000
  3.2273	  2.3570	 -0.2511	 -2.3724	  0.0000
  3.3516	  2.3570	 -0.3284	 -2.6307	  1.0000
  3.4760	  2.3570	 -0.3586	 -2.6531	  1.0000
  3.6003	  2.3570	 -0.3525	 -2.6910	  1.0000
  3.7246	  2.3570	 -0.3189	 -2.6934	  1.0000
  3.8489	  2.3570	 -0.2957	 -2.7120	  1.0000
  3.9733	  2.3570	 -0.2622	 -2.7268	  1.0000
  4.0976	  2.3570	 -0.2109	 -2.6973	  1.0000
  4.2219	  2.3570	 -0.1618	 -2.6759	  1.0000
  4.3462	  2.3570	 -0.1225	 -2.6553	  1.0000
  4.4706	  2.3570	 -0.1032	 -2.6301	  1.0000
  4.5949	  2.3570	 -0.1441	 -2.5700	  0.0000
  4.7192	  2.3570	 -0.1448	 -2.5399	  0.0000
  4.8436	  2.3570	 -0.0527	 -2.6076	  1.0000
  4.9679	  2.3570	 -0.0657	 -2.6197	  1.0000
  5.0922	  2.3570	 -0.0596	 -2.6335	  1.0000
  0.1191	  2.2327	  0.0049	 -2.9961	  1.0000
  0.2435	  2.2327	  0.0062	 -2.9948	  1.0000
  0.3678	  2.2327	  0.0032	 -2.9965	  1.0000
  0.4921	  2.2327	  0.0077	 -2.9969	  1.0000
  0.6165	  2.2327	  0.0180	 -2.9831	  1.0000
  0.7408	  2.2327	  0.0225	 -2.9559	  1.0000
  0.8651	  2.2327	  0.0293	 -2.9507	  1.0000
  0.9894	  2.2327	  0.0309	 -2.9508	  1.0000
  1.1138	  2.2327	  0.0288	 -2.9280	  1.0000
  1.2381	  2.2327	  0.0149	 -2.9347	  1.0000
  1.3624	  2.2327	 -0.0079	 -2.9587	  1.0000
  1.4867	  2.2327	 -0.0442	 -2.9842	  1.0000
  1.6111	  2.2327	 -0.3182	 -3.1040	  0.0000
  1.7354	  2.2327	 -0.4796	 -3.2047	  0.0000
  1.8597	  2.2327	 -0.0763	 -3.0310	  1.0000
  1.9840	  2.2327	 -0.1155	 -3.1006	  0.0000
  2.1084	  2.2327	 -0.0701	 -3.0951	  0.0000
  2.2327	  2.2327	  0.0098	 -3.1369	  0.0000
  2.3570	  2.2327	  0.0762	 -3.0643	  0.0000
  2.4814	  2.2327	 -0.0679	 -2.9091	  1.0000
  2.6057	  2.2327	 -0.0864	 -2.8419	  1.0000
  2.7300	  2.2327	 -0.1299	 -2.7639	  1.0000
  2.8543	  2.2327	 -0.1804	 -2.6862	  1.0000
  2.9787	  2.2327	 -0.2234	 -2.6256	  1.0000
  3.1030	  2.2327	 -0.2642	 -2.6080	  1.0000
  3.2273	  2.2327	 -0.4279	 -2.4473	  0.0000
  3.3516	  2.2327	 -0.4613	 -2.4726	  0.0000
  3.4760	  2.2327	 -0.3397	 -2.5964	  1.0000
  3.6003	  2.2327	 -0.3289	 -2.6239	  1.0000
  3.7246	  2.2327	 -0.3203	 -2.6488	  1.0000
  3.8489	  2.2327	 -0.3054	 -2.6518	  1.0000
  3.9733	  2.2327	 -0.2590	 -2.6551	  1.0000
  4.0976	  2.2327	 -0.2027	 -2.6659	  1.0000
  4.2219	  2.2327	 -0.1572	 -2.6580	  1.0000
  4.3462	  2.2327	 -0.1238	 -2.6300	  1.0000
  4.4706	  2.2327	 -0.0917	 -2.6125	  1.0000
  4.5949	  2.2327	 -0.0320	 -2.5070	  0.0000
  4.7192	  2.2327	 -0.0911	 -2.5311	  0.0000
  4.8436	  2.2327	 -0.1417	 -2.6458	  0.0000
  4.9679	  2.2327	 -0.0376	 -2.5948	  1.0000
  5.0922	  2.2327	 -0.0096	 -2.6165	  1.0000
  0.1191	  2.1084	  0.0095	 -2.9748	  1.0000
  0.2435	  2.1084	  0.0100	 -2.9736	  1.0000
  0.3678	  2.1084	  0.0114	 -2.9765	  1.0000
  0.4921	  2.1084	  0.0143	 -2.9771	  1.0000
  0.6165	  2.1084	  0.0167	 -2.9644	  1.0000
  0.7408	  2.1084	  0.0186	 -2.9589	  1.0000
  0.8651	  2.1084	  0.0216	 -2.9572	  1.0000
  0.9894	  2.1084	  0.0528	 -2.7355	  0.0000
  1.1138	  2.1084	  0.0092	 -2.9455	  1.0000
  1.2381	  2.1084	 -0.0031	 -2.9532	  1.0000
  1.3624	  2.1084	 -0.0293	 -2.9759	  1.0000
  1.4867	  2.1084	 -0.0884	 -3.0265	  1.0000
  1.6111	  2.1084	 -0.0952	 -3.0238	  1.0000
  1.7354	  2.1084	 -0.0764	 -3.0146	  1.0000
  1.8597	  2.1084	 -0.1148	 -3.0641	  1.0000
  1.9840	  2.1084	 -0.0949	 -3.0625	  1.0000
  2.1084	  2.1084	 -0.0502	 -3.0184	  1.0000
  2.2327	  2.1084	 -0.0447	 -2.9638	  0.0000
  2.3570	  2.1084	  0.1184	 -3.0324	  0.0000
  2.4814	  2.1084	  0.1491	 -2.9541	  0.0000
  2.6057	  2.1084	 -0.1000	 -2.8240	  1.0000
  2.7300	  2.1084	 -0.1561	 -2.7511	  1.0000
  2.8543	  2.1084	 -0.2020	 -2.6781	  1.0000
  2.9787	  2.1084	 -0.2443	 -2.6025	  1.0000
  3.1030	  2.1084	 -0.2997	 -2.5818	  1.0000
  3.2273	  2.1084	 -0.3674	 -2.5084	  0.0000
  3.3516	  2.1084	 -0.3350	 -2.5432	  1.0000
  3.4760	  2.1084	 -0.3474	 -2.5488	  1.0000
  3.6003	  2.1084	 -0.4832	 -2.5809	  0.0000
  3.7246	  2.1084	 -0.3698	 -2.6821	  0.0000
  3.8489	  2.1084	 -0.2984	 -2.6088	  1.0000
  3.9733	  2.1084	 -0.2636	 -2.6147	  1.0000
  4.0976	  2.1084	 -0.2050	 -2.6396	  1.0000
  4.2219	  2.1084	 -0.1655	 -2.6307	  1.0000
  4.3462	  2.1084	 -0.1243	 -2.6023	  1.0000
  4.4706	  2.1084	  0.0400	 -2.6461	  0.0000
  4.5949	  2.1084	 -0.0068	 -2.5108	  0.0000
  4.7192	  2.1084	 -0.0410	 -2.5490	  0.0000
  4.8436	  2.1084	 -0.0123	 -2.6357	  0.0000
  4.9679	  2.1084	  0.0502	 -2.6301	  0.0000
  5.0922	  2.1084	 -0.0121	 -2.5794	  1.0000
  0.1191	  1.9840	  0.0154	 -2.9499	  1.0000
  0.2435	  1.9840	  0.0157	 -2.9504	  1.0000
  0.3678	  1.9840	  0.0166	 -2.9488	  1.0000
  0.4921	  1.9840	  0.0169	 -2.9452	  1.0000
  0.6165	  1.9840	  0.0170	 -2.9431	  1.0000
  0.7408	  1.9840	  0.0188	 -2.9295	  1.0000
  0.8651	  1.9840	  0.0159	 -2.9263	  1.0000
  0.9894	  1.9840	  0.0082	 -2.9394	  1.0000
  1.1138	  1.9840	  0.0021	 -2.9333	  1.0000
  1.2381	  1.9840	 -0.0126	 -2.9443	  1.0000
  1.3624	  1.9840	 -0.0425	 -2.9838	  1.0000
  1.4867	  1.9840	 -0.0717	 -3.0084	  1.0000
  1.6111	  1.9840	 -0.0732	 -3.0019	  1.0000
  1.7354	  1.9840	 -0.0799	 -3.0108	  1.0000
  1.8597	  1.9840	 -0.0981	 -3.0246	  1.0000
  1.9840	  1.9840	 -0.0760	 -2.9976	  1.0000
  2.1084	  1.9840	 -0.0408	 -2.9749	  1.0000
  2.2327	  1.9840	 -0.0328	 -2.9472	  1.0000
  2.3570	  1.9840	 -0.0488	 -2.8990	  1.0000
  2.4814	  1.9840	 -0.0595	 -2.8566	  1.0000
  2.6057	  1.9840	 -0.0787	 -2.8010	  1.0000
  2.7300	  1.9840	 -0.1432	 -2.7343	  1.0000
  2.8543	  1.9840	 -0.2064	 -2.6798	  1.0000
  2.9787	  1.9840	 -0.2598	 -2.6088	  1.0000
  3.1030	  1.9840	 -0.3756	 -2.4994	  0.0000
  3.2273	  1.9840	 -0.3180	 -2.5690	  1.0000
  3.3516	  1.9840	 -0.3517	 -2.5433	  1.0000
  3.4760	  1.9840	 -0.3599	 -2.5449	  1.0000
  3.6003	  1.9840	 -0.3290	 -2.5748	  1.0000
  3.7246	  1.9840	 -0.3903	 -2.3868	  0.0000
  3.8489	  1.9840	 -0.3016	 -2.6022	  1.0000
  3.9733	  1.9840	 -0.2818	 -2.5855	  0.0000
  4.0976	  1.9840	 -0.3106	 -2.5675	  0.0000
  4.2219	  1.9840	 -0.1626	 -2.6092	  1.0000
  4.3462	  1.9840	  0.0109	 -2.7167	  0.0000
  4.4706	  1.9840	  0.0201	 -2.6216	  0.0000
  4.5949	  1.9840	  0.0143	 -2.5227	  0.0000
  4.7192	  1.9840	  0.0525	 -2.5286	  0.0000
  4.8436	  1.9840	  0.0750	 -2.5896	  0.0000
  4.9679	  1.9840	  0.0896	 -2.5947	  0.0000
  5.0922	  1.9840	 -0.0181	 -2.5675	  1.0000
  0.1191	  1.8597	  0.0241	 -2.9208	  1.0000
  0.2435	  1.8597	  0.0228	 -2.9209	  1.0000
  0.3678	  1.8597	  0.0229	 -2.9209	  1.0000
  0.4921	  1.8597	  0.0223	 -2.9207	  1.0000
  0.6165	  1.8597	  0.0199	 -2.9210	  1.0000
  0.7408	  1.8597	  0.0191	 -2.9095	  1.0000
  0.8651	  1.8597	  0.0137	 -2.9132	  1.0000
  0.9894	  1.8597	  0.0038	 -2.9316	  1.0000
  1.1138	  1.8597	 -0.0025	 -2.9254	  1.0000
  1.2381	  1.8597	 -0.0173	 -2.9405	  1.0000
  1.3624	  1.8597	 -0.0350	 -2.9637	  1.0000
  1.4867	  1.8597	 -0.0436	 -2.9619	  1.0000
  1.6111	  1.8597	  0.0182	 -3.1517	  0.0000
  1.7354	  1.8597	  0.0374	 -3.0983	  0.0000
  1.8597	  1.8597	 -0.0613	 -2.9476	  1.0000
  1.9840	  1.8597	 -0.0628	 -2.9343	  1.0000
  2.1084	  1.8597	 -0.0537	 -2.9155	  1.0000
  2.2327	  1.8597	 -0.0346	 -2.8938	  1.0000
  2.3570	  1.8597	 -0.0491	 -2.8576	  1.0000
  2.4814	  1.8597	 -0.0708	 -2.8165	  1.0000
  2.6057	  1.8597	 -0.0843	 -2.7700	  1.0000
  2.7300	  1.8597	 -0.1238	 -2.7104	  1.0000
  2.8543	  1.8597	 -0.1783	 -2.6541	  1.0000
  2.9787	  1.8597	 -0.4583	 -2.6375	  0.0000
  3.1030	  1.8597	 -0.4664	 -2.5798	  0.0000
  3.2273	  1.8597	 -0.4312	 -2.4585	  0.0000
  3.3516	  1.8597	 -0.3123	 -2.5414	  1.0000
  3.4760	  1.8597	 -0.3301	 -2.5355	  1.0000
  3.6003	  1.8597	 -0.3205	 -2.5515	  1.0000
  3.7246	  1.8597	 -0.3167	 -2.5737	  1.0000
  3.8489	  1.8597	 -0.3145	 -2.5731	  1.0000
  3.9733	  1.8597	 -0.2790	 -2.5846	  1.0000
  4.0976	  1.8597	 -0.2907	 -2.5138	  0.0000
  4.2219	  1.8597	 -0.1570	 -2.6042	  1.0000
  4.3462	  1.8597	 -0.1070	 -2.5925	  1.0000
  4.4706	  1.8597	 -0.0340	 -2.6356	  0.0000
  4.5949	  1.8597	  0.0351	 -2.5444	  0.0000
  4.7192	  1.8597	  0.0432	 -2.5202	  0.0000
  4.8436	  1.8597	  0.0509	 -2.4928	  0.0000
  4.9679	  1.8597	 -0.0146	 -2.4899	  0.0000
  5.0922	  1.8597	  0.0060	 -2.4535	  0.0000
  0.1191	  1.7354	  0.0321	 -2.8857	  1.0000
  0.2435	  1.7354	  0.0311	 -2.8873	  1.0000
  0.3678	  1.7354	  0.0293	 -2.8870	  1.0000
  0.4921	  1.7354	  0.0273	 -2.8885	  1.0000
  0.6165	  1.7354	  0.0247	 -2.8923	  1.0000
  0.7408	  1.7354	  0.0193	 -2.8984	  1.0000
  0.8651	  1.7354	  0.0131	 -2.9031	  1.0000
  0.9894	  1.7354	  0.0062	 -2.9087	  1.0000
  1.1138	  1.7354	 -0.0144	 -2.9397	  1.0000
  1.2381	  1.7354	 -0.0255	 -2.9497	  1.0000
  1.3624	  1.7354	 -0.0203	 -2.9451	  1.0000
  1.4867	  1.7354	 -0.0358	 -2.9738	  1.0000
  1.6111	  1.7354	 -0.0545	 -2.9576	  1.0000
  1.7354	  1.7354	 -0.0498	 -2.9262	  1.0000
  1.8597	  1.7354	 -0.0406	 -2.9248	  1.0000
  1.9840	  1.7354	 -0.0479	 -2.9030	  1.0000
  2.1084	  1.7354	 -0.0548	 -2.8682	  1.0000
  2.2327	  1.7354	 -0.0552	 -2.8419	  1.0000
  2.3570	  1.7354	 -0.0587	 -2.8204	  1.0000
  2.4814	  1.7354	 -0.0704	 -2.7851	  1.0000
  2.6057	  1.7354	 -0.0950	 -2.7318	  1.0000
  2.7300	  1.7354	 -0.1372	 -2.6846	  1.0000
  2.8543	  1.7354	 -0.1777	 -2.6328	  1.0000
  2.9787	  1.7354	 -0.1999	 -2.5875	  1.0000
  3.1030	  1.7354	 -0.2324	 -2.5678	  1.0000
  3.2273	  1.7354	 -0.3823	 -2.4208	  0.0000
  3.3516	  1.7354	 -0.2780	 -2.5375	  1.0000
  3.4760	  1.7354	 -0.2948	 -2.5355	  1.0000
  3.6003	  1.7354	 -0.3118	 -2.5462	  1.0000
  3.7246	  1.7354	 -0.3112	 -2.5800	  1.0000
  3.8489	  1.7354	 -0.3287	 -2.5665	  1.0000
  3.9733	  1.7354	 -0.3145	 -2.5673	  1.0000
  4.0976	  1.7354	 -0.2495	 -2.6056	  1.0000
  4.2219	  1.7354	 -0.1999	 -2.5972	  1.0000
  4.3462	  1.7354	 -0.0672	 -2.5688	  0.0000
  4.4706	  1.7354	 -0.0292	 -2.6132	  0.0000
  4.5949	  1.7354	 -0.0261	 -2.5721	  1.0000
  4.7192	  1.7354	 -0.0004	 -2.5971	  0.0000
  4.8436	  1.7354	 -0.0003	 -2.5322	  1.0000
  4.9679	  1.7354	 -0.0395	 -2.5183	  0.0000
  5.0922	  1.7354	 -0.0487	 -2.5118	  0.0000
  0.1191	  1.6111	  0.0438	 -2.8489	  1.0000
  0.2435	  1.6111	  0.0501	 -2.8512	  1.0000
  0.3678	  1.6111	  0.0424	 -2.8507	  1.0000
  0.4921	  1.6111	  0.0350	 -2.8559	  1.0000
  0.6165	  1.6111	  0.0349	 -2.8644	  1.0000
  0.7408	  1.6111	  0.0270	 -2.8717	  1.0000
  0.8651	  1.6111	  0.0165	 -2.8802	  1.0000
  0.9894	  1.6111	  0.0092	 -2.8908	  1.0000
  1.1138	  1.6111	 -0.0085	 -2.9184	  1.0000
  1.2381	  1.6111	 -0.0180	 -2.9258	  1.0000
  1.3624	  1.6111	 -0.0140	 -2.9219	  1.0000
  1.4867	  1.6111	 -0.0256	 -2.9434	  1.0000
  1.6111	  1.6111	 -0.0341	 -2.9250	  1.0000
  1.7354	  1.6111	 -0.0603	 -2.8913	  0.0000
  1.8597	  1.6111	 -0.1127	 -2.7908	  0.0000
  1.9840	  1.6111	 -0.0464	 -2.7294	  0.0000
  2.1084	  1.6111	 -0.0428	 -2.8381	  1.0000
  2.2327	  1.6111	 -0.0481	 -2.8321	  1.0000
  2.3570	  1.6111	 -0.0558	 -2.8000	  1.0000
  2.4814	  1.6111	 -0.0715	 -2.7441	  1.0000
  2.6057	  1.6111	 -0.0882	 -2.7207	  1.0000
  2.7300	  1.6111	 -0.1063	 -2.6630	  1.0000
  2.8543	  1.6111	 -0.1207	 -2.5891	  1.0000
  2.9787	  1.6111	 -0.1543	 -2.5579	  1.0000
  3.1030	  1.6111	 -0.1807	 -2.5394	  1.0000
  3.2273	  1.6111	 -0.1868	 -2.5245	  1.0000
  3.3516	  1.6111	 -0.2208	 -2.5213	  1.0000
  3.4760	  1.6111	 -0.2509	 -2.5492	  1.0000
  3.6003	  1.6111	 -0.2767	 -2.5686	  1.0000
  3.7246	  1.6111	 -0.3694	 -2.4790	  0.0000
  3.8489	  1.6111	 -0.3193	 -2.5948	  1.0000
  3.9733	  1.6111	 -0.3057	 -2.5900	  1.0000
  4.0976	  1.6111	 -0.2605	 -2.6001	  1.0000
  4.2219	  1.6111	 -0.2220	 -2.6029	  1.0000
  4.3462	  1.6111	 -0.1673	 -2.5871	  1.0000
  4.4706	  1.6111	 -0.0047	 -2.5410	  0.0000
  4.5949	  1.6111	  0.0559	 -2.6003	  0.0000
  4.7192	  1.6111	 -0.0314	 -2.5568	  1.0000
  4.8436	  1.6111	 -0.0221	 -2.5443	  1.0000
  4.9679	  1.6111	 -0.0114	 -2.4769	  0.0000
  5.0922	  1.6111	 -0.0809	 -2.4211	  0.0000
  0.1191	  1.4867	  0.0535	 -2.7968	  1.0000
  0.2435	  1.4867	  0.0467	 -2.7922	  1.0000
  0.3678	  1.4867	  0.0526	 -2.8134	  1.0000
  0.4921	  1.4867	  0.0477	 -2.8184	  1.0000
  0.6165	  1.4867	  0.0296	 -2.8162	  1.0000
  0.7408	  1.4867	  0.0269	 -2.8355	  1.0000
  0.8651	  1.4867	  0.0272	 -2.8581	  1.0000
  0.9894	  1.4867	  0.0163	 -2.8706	  1.0000
  1.1138	  1.4867	  0.0111	 -2.8726	  1.0000
  1.2381	  1.4867	  0.0020	 -2.8818	  1.0000
  1.3624	  1.4867	 -0.1850	 -3.2009	  0.0000
  1.4867	  1.4867	 -0.0148	 -2.8746	  1.0000
  1.6111	  1.4867	 -0.0215	 -2.8589	  1.0000
  1.7354	  1.4867	 -0.0284	 -2.8448	  1.0000
  1.8597	  1.4867	 -0.0302	 -2.8289	  1.0000
  1.9840	  1.4867	 -0.0374	 -2.8126	  1.0000
  2.1084	  1.4867	 -0.0430	 -2.7896	  1.0000
  2.2327	  1.4867	 -0.0339	 -2.8013	  1.0000
  2.3570	  1.4867	 -0.0456	 -2.7782	  1.0000
  2.4814	  1.4867	 -0.0767	 -2.7092	  1.0000
  2.6057	  1.4867	 -0.0776	 -2.6970	  1.0000
  2.7300	  1.4867	 -0.0732	 -2.6410	  1.0000
  2.8543	  1.4867	 -0.0885	 -2.5624	  1.0000
  2.9787	  1.4867	 -0.1198	 -2.5372	  1.0000
  3.1030	  1.4867	 -0.0518	 -2.4200	  0.0000
  3.2273	  1.4867	 -0.1472	 -2.5692	  0.0000
  3.3516	  1.4867	 -0.1637	 -2.5275	  1.0000
  3.4760	  1.4867	 -0.2059	 -2.5453	  1.0000
  3.6003	  1.4867	 -0.2176	 -2.5700	  1.0000
  3.7246	  1.4867	 -0.3644	 -2.6090	  0.0000
  3.8489	  1.4867	 -0.4167	 -2.6119	  0.0000
  3.9733	  1.4867	 -0.4706	 -2.6972	  0.0000
  4.0976	  1.4867	 -0.4758	 -2.6115	  0.0000
  4.2219	  1.4867	 -0.3603	 -2.5368	  0.0000
  4.3462	  1.4867	 -0.1372	 -2.6001	  1.0000
  4.4706	  1.4867	 -0.1040	 -2.5100	  0.0000
  4.5949	  1.4867	 -0.0517	 -2.5904	  0.0000
  4.7192	  1.4867	 -0.0311	 -2.5654	  1.0000
  4.8436	  1.4867	 -0.0322	 -2.5506	  1.0000
  4.9679	  1.4867	 -0.0321	 -2.5449	  1.0000
  5.0922	  1.4867	 -0.0300	 -2.5386	  0.0000
  0.1191	  1.3624	  0.1244	 -2.7541	  1.0000
  0.2435	  1.3624	  0.0627	 -2.7612	  1.0000
  0.3678	  1.3624	  0.0942	 -2.7759	  1.0000
  0.4921	  1.3624	  0.0896	 -2.7815	  1.0000
  0.6165	  1.3624	  0.0442	 -2.7870	  1.0000
  0.7408	  1.3624	  0.0397	 -2.8066	  1.0000
  0.8651	  1.3624	  0.0407	 -2.8257	  1.0000
  0.9894	  1.3624	  0.0314	 -2.8356	  1.0000
  1.1138	  1.3624	  0.0131	 -2.8589	  1.0000
  1.2381	  1.3624	  0.0051	 -2.8620	  1.0000
  1.3624	  1.3624	  0.0080	 -2.8421	  1.0000
  1.4867	  1.3624	 -0.0091	 -2.8518	  1.0000
  1.6111	  1.3624	 -0.0186	 -2.8354	  1.0000
  1.7354	  1.3624	 -0.0131	 -2.7964	  1.0000
  1.8597	  1.3624	 -0.0159	 -2.7867	  1.0000
  1.9840	  1.3624	 -0.0257	 -2.7787	  1.0000
  2.1084	  1.3624	 -0.0357	 -2.7571	  1.0000
  2.2327	  1.3624	 -0.0350	 -2.7465	  1.0000
  2.3570	  1.3624	 -0.0462	 -2.7327	  1.0000
  2.4814	  1.3624	  0.0129	 -3.0376	  0.0000
  2.6057	  1.3624	 -0.0830	 -2.6251	  1.0000
  2.7300	  1.3624	 -0.1091	 -2.5592	  1.0000
  2.8543	  1.3624	 -0.1167	 -2.5396	  1.0000
  2.9787	  1.3624	  0.1848	 -2.2768	  0.0000
  3.1030	  1.3624	  0.1960	 -2.3943	  0.0000
  3.2273	  1.3624	  0.0511	 -2.5281	  0.0000
  3.3516	  1.3624	 -0.0722	 -2.6169	  0.0000
  3.4760	  1.3624	 -0.1836	 -2.5497	  1.0000
  3.6003	  1.3624	 -0.2039	 -2.5676	  1.0000
  3.7246	  1.3624	 -0.2330	 -2.5882	  1.0000
  3.8489	  1.3624	 -0.3015	 -2.6050	  0.0000
  3.9733	  1.3624	 -0.3746	 -2.6959	  0.0000
  4.0976	  1.3624	 -0.3745	 -2.6546	  0.0000
  4.2219	  1.3624	 -0.1961	 -2.6089	  1.0000
  4.3462	  1.3624	 -0.1440	 -2.5918	  1.0000
  4.4706	  1.3624	 -0.0997	 -2.6034	  1.0000
  4.5949	  1.3624	 -0.0627	 -2.5914	  1.0000
  4.7192	  1.3624	 -0.0321	 -2.5672	  1.0000
  4.8436	  1.3624	 -0.0277	 -2.5630	  1.0000
  4.9679	  1.3624	 -0.0346	 -2.5575	  1.0000
  5.0922	  1.3624	 -0.0336	 -2.5464	  1.0000
  0.1191	  1.2381	  0.1586	 -2.7437	  1.0000
  0.2435	  1.2381	  0.1245	 -2.7562	  1.0000
  0.3678	  1.2381	  0.0028	 -2.5816	  0.0000
  0.4921	  1.2381	 -0.1077	 -2.6225	  0.0000
  0.6165	  1.2381	  0.0874	 -2.7779	  1.0000
  0.7408	  1.2381	  0.0714	 -2.7849	  1.0000
  0.8651	  1.2381	  0.0540	 -2.7909	  1.0000
  0.9894	  1.2381	  0.0469	 -2.7990	  1.0000
  1.1138	  1.2381	  0.0294	 -2.8231	  1.0000
  1.2381	  1.2381	  0.0223	 -2.8202	  1.0000
  1.3624	  1.2381	  0.0250	 -2.7937	  1.0000
  1.4867	  1.2381	  0.0108	 -2.8030	  1.0000
  1.6111	  1.2381	  0.0101	 -2.7928	  1.0000
  1.7354	  1.2381	  0.0150	 -2.7639	  1.0000
  1.8597	  1.2381	  0.0046	 -2.7491	  1.0000
  1.9840	  1.2381	 -0.0039	 -2.7404	  1.0000
  2.1084	  1.2381	 -0.0142	 -2.7335	  1.0000
  2.2327	  1.2381	 -0.0334	 -2.7325	  1.0000
  2.3570	  1.2381	 -0.0624	 -2.7040	  1.0000
  2.4814	  1.2381	  0.0841	 -2.8338	  0.0000
  2.6057	  1.2381	 -0.0967	 -2.6110	  1.0000
  2.7300	  1.2381	 -0.1144	 -2.5286	  1.0000
  2.8543	  1.2381	 -0.0899	 -2.4905	  1.0000
  2.9787	  1.2381	 -0.0884	 -2.4881	  1.0000
  3.1030	  1.2381	 -0.1107	 -2.4578	  1.0000
  3.2273	  1.2381	 -0.0988	 -2.4706	  1.0000
  3.3516	  1.2381	  0.0309	 -2.6125	  0.0000
  3.4760	  1.2381	  0.0448	 -2.6481	  0.0000
  3.6003	  1.2381	 -0.1980	 -2.5717	  1.0000
  3.7246	  1.2381	 -0.2327	 -2.5909	  1.0000
  3.8489	  1.2381	 -0.1608	 -2.5443	  0.0000
  3.9733	  1.2381	 -0.2495	 -2.5970	  1.0000
  4.0976	  1.2381	 -0.2170	 -2.6106	  1.0000
  4.2219	  1.2381	 -0.1861	 -2.6118	  1.0000
  4.3462	  1.2381	 -0.1653	 -2.6589	  0.0000
  4.4706	  1.2381	 -0.0729	 -2.5964	  1.0000
  4.5949	  1.2381	 -0.0494	 -2.5917	  1.0000
  4.7192	  1.2381	 -0.0344	 -2.5686	  1.0000
  4.8436	  1.2381	 -0.0307	 -2.5712	  1.0000
  4.9679	  1.2381	 -0.0423	 -2.5735	  1.0000
  5.0922	  1.2381	 -0.0432	 -2.5585	  1.0000
  0.1191	  1.1138	  0.1633	 -2.7119	  1.0000
  0.2435	  1.1138	  0.5380	 -2.6436	  0.0000
  0.3678	  1.1138	  0.1449	 -2.7291	  1.0000
  0.4921	  1.1138	  0.1283	 -2.7348	  1.0000
  0.6165	  1.1138	  0.0931	 -2.7353	  1.0000
  0.7408	  1.1138	  0.0824	 -2.7507	  1.0000
  0.8651	  1.1138	  0.0760	 -2.7639	  1.0000
  0.9894	  1.1138	  0.0641	 -2.7674	  1.0000
  1.1138	  1.1138	  0.0571	 -2.7652	  1.0000
  1.2381	  1.1138	  0.0501	 -2.7604	  1.0000
  1.3624	  1.1138	  0.0402	 -2.7553	  1.0000
  1.4867	  1.1138	  0.0386	 -2.7360	  1.0000
  1.6111	  1.1138	  0.0359	 -2.7243	  1.0000
  1.7354	  1.1138	  0.0291	 -2.7262	  1.0000
  1.8597	  1.1138	  0.0210	 -2.7079	  1.0000
  1.9840	  1.1138	  0.0047	 -2.6968	  1.0000
  2.1084	  1.1138	 -0.0101	 -2.6966	  1.0000
  2.2327	  1.1138	 -0.0187	 -2.7126	  1.0000
  2.3570	  1.1138	 -0.0684	 -2.6796	  1.0000
  2.4814	  1.1138	 -0.0674	 -2.6451	  0.0000
  2.6057	  1.1138	 -0.0980	 -2.6164	  1.0000
  2.7300	  1.1138	 -0.1019	 -2.5670	  1.0000
  2.8543	  1.1138	 -0.2678	 -2.0600	  0.0000
  2.9787	  1.1138	 -0.3231	 -2.0817	  0.0000
  3.1030	  1.1138	 -0.0807	 -2.5018	  1.0000
  3.2273	  1.1138	 -0.0666	 -2.5045	  1.0000
  3.3516	  1.1138	 -0.1008	 -2.5175	  1.0000
  3.4760	  1.1138	 -0.1303	 -2.5532	  1.0000
  3.6003	  1.1138	 -0.1437	 -2.5764	  1.0000
  3.7246	  1.1138	 -0.1811	 -2.5820	  1.0000
  3.8489	  1.1138	 -0.2207	 -2.5950	  1.0000
  3.9733	  1.1138	 -0.2062	 -2.5983	  1.0000
  4.0976	  1.1138	 -0.1750	 -2.5963	  1.0000
  4.2219	  1.1138	 -0.1620	 -2.5943	  1.0000
  4.3462	  1.1138	 -0.0814	 -2.6756	  0.0000
  4.4706	  1.1138	 -0.0451	 -2.6717	  0.0000
  4.5949	  1.1138	  0.0272	 -2.6025	  0.0000
  4.7192	  1.1138	  0.0006	 -2.7116	  0.0000
  4.8436	  1.1138	 -0.0447	 -2.5526	  1.0000
  4.9679	  1.1138	 -0.0534	 -2.5573	  1.0000
  5.0922	  1.1138	 -0.0352	 -2.5501	  1.0000
  0.1191	  0.9894	  0.2409	 -2.6917	  1.0000
  0.2435	  0.9894	  0.1472	 -2.7008	  1.0000
  0.3678	  0.9894	  0.1921	 -2.7134	  1.0000
  0.4921	  0.9894	  0.1814	 -2.7152	  1.0000
  0.6165	  0.9894	  0.1150	 -2.7154	  1.0000
  0.7408	  0.9894	  0.1032	 -2.7276	  1.0000
  0.8651	  0.9894	  0.0981	 -2.7365	  1.0000
  0.9894	  0.9894	  0.0863	 -2.7347	  1.0000
  1.1138	  0.9894	  0.0767	 -2.7137	  1.0000
  1.2381	  0.9894	  0.0645	 -2.7055	  1.0000
  1.3624	  0.9894	  0.0674	 -2.7125	  1.0000
  1.4867	  0.9894	  0.0737	 -2.6825	  1.0000
  1.6111	  0.9894	  0.0517	 -2.6726	  1.0000
  1.7354	  0.9894	  0.0978	 -2.6359	  0.0000
  1.8597	  0.9894	  0.0909	 -2.6771	  0.0000
  1.9840	  0.9894	  0.1038	 -2.6786	  0.0000
  2.1084	  0.9894	 -0.0113	 -2.6649	  1.0000
  2.2327	  0.9894	 -0.0219	 -2.6609	  1.0000
  2.3570	  0.9894	 -0.0655	 -2.6453	  1.0000
  2.4814	  0.9894	 -0.1192	 -2.6068	  1.0000
  2.6057	  0.9894	 -0.2771	 -2.4883	  0.0000
  2.7300	  0.9894	 -0.1446	 -2.5084	  1.0000
  2.8543	  0.9894	 -0.1666	 -2.4977	  1.0000
  2.9787	  0.9894	 -0.1456	 -2.4747	  1.0000
  3.1030	  0.9894	 -0.1330	 -2.4557	  1.0000
  3.2273	  0.9894	 -0.1130	 -2.4989	  1.0000
  3.3516	  0.9894	 -0.1156	 -2.5307	  1.0000
  3.4760	  0.9894	 -0.1352	 -2.5457	  1.0000
  3.6003	  0.9894	 -0.1382	 -2.5680	  1.0000
  3.7246	  0.9894	 -0.1552	 -2.5801	  1.0000
  3.8489	  0.9894	 -0.1878	 -2.5884	  1.0000
  3.9733	  0.9894	 -0.1868	 -2.5860	  1.0000
  4.0976	  0.9894	 -0.1582	 -2.5824	  1.0000
  4.2219	  0.9894	 -0.0290	 -2.6067	  0.0000
  4.3462	  0.9894	  0.0029	 -2.5775	  0.0000
  4.4706	  0.9894	  0.0530	 -2.5362	  0.0000
  4.5949	  0.9894	  0.0787	 -2.5247	  0.0000
  4.7192	  0.9894	  0.0126	 -2.5971	  0.0000
  4.8436	  0.9894	 -0.0805	 -2.5941	  0.0000
  4.9679	  0.9894	 -0.0401	 -2.5482	  1.0000
  5.0922	  0.9894	 -0.1736	 -2.5458	  0.0000
  0.1191	  0.8651	  0.2360	 -2.7056	  1.0000
  0.2435	  0.8651	  0.4858	 -2.6774	  0.0000
  0.3678	  0.8651	  0.2074	 -2.7089	  1.0000
  0.4921	  0.8651	  0.1908	 -2.7110	  1.0000
  0.6165	  0.8651	  0.1615	 -2.7169	  1.0000
  0.7408	  0.8651	  0.1392	 -2.7153	  1.0000
  0.8651	  0.8651	  0.1204	 -2.7091	  1.0000
  0.9894	  0.8651	  0.1053	 -2.6953	  1.0000
  1.1138	  0.8651	  0.0900	 -2.6758	  1.0000
  1.2381	  0.8651	  0.0801	 -2.6702	  1.0000
  1.3624	  0.8651	  0.0782	 -2.6629	  1.0000
  1.4867	  0.8651	  0.0840	 -2.6411	  1.0000
  1.6111	  0.8651	  0.0727	 -2.6417	  1.0000
  1.7354	  0.8651	  0.0599	 -2.5439	  0.0000
  1.8597	  0.8651	  0.0020	 -2.6316	  0.0000
  1.9840	  0.8651	  0.0397	 -2.6419	  1.0000
  2.1084	  0.8651	  0.0112	 -2.6370	  1.0000
  2.2327	  0.8651	 -0.0231	 -2.6239	  1.0000
  2.3570	  0.8651	 -0.0670	 -2.6080	  1.0000
  2.4814	  0.8651	 -0.0962	 -2.5904	  1.0000
  2.6057	  0.8651	 -0.3524	 -2.5143	  0.0000
  2.7300	  0.8651	 -0.3133	 -2.4749	  0.0000
  2.8543	  0.8651	 -0.1514	 -2.4984	  1.0000
  2.9787	  0.8651	 -0.1284	 -2.4955	  1.0000
  3.1030	  0.8651	 -0.1431	 -2.4582	  1.0000
  3.2273	  0.8651	 -0.1435	 -2.4793	  1.0000
  3.3516	  0.8651	 -0.1274	 -2.5281	  1.0000
  3.4760	  0.8651	 -0.1379	 -2.5383	  1.0000
  3.6003	  0.8651	 -0.1650	 -2.5469	  1.0000
  3.7246	  0.8651	 -0.1693	 -2.5725	  1.0000
  3.8489	  0.8651	 -0.1626	 -2.5827	  1.0000
  3.9733	  0.8651	 -0.1563	 -2.5767	  1.0000
  4.0976	  0.8651	 -0.3183	 -2.6306	  0.0000
  4.2219	  0.8651	 -0.2168	 -2.6154	  0.0000
  4.3462	  0.8651	 -0.0859	 -2.4944	  0.0000
  4.4706	  0.8651	 -0.0447	 -2.5163	  0.0000
  4.5949	  0.8651	 -0.0802	 -2.5121	  0.0000
  4.7192	  0.8651	 -0.1092	 -2.5265	  0.0000
  4.8436	  0.8651	 -0.0217	 -2.5044	  0.0000
  4.9679	  0.8651	 -0.0042	 -2.4886	  0.0000
  5.0922	  0.8651	 -0.0667	 -2.5442	  0.0000
  0.1191	  0.7408	  0.2385	 -2.7066	  1.0000
  0.2435	  0.7408	  0.2154	 -2.7091	  1.0000
  0.3678	  0.7408	  0.2202	 -2.7061	  1.0000
  0.4921	  0.7408	  0.2059	 -2.7058	  1.0000
  0.6165	  0.7408	  0.1809	 -2.7058	  1.0000
  0.7408	  0.7408	  0.1743	 -2.6945	  1.0000
  0.8651	  0.7408	  0.1575	 -2.6827	  1.0000
  0.9894	  0.7408	  0.1131	 -2.6704	  1.0000
  1.1138	  0.7408	  0.0976	 -2.6570	  1.0000
  1.2381	  0.7408	  0.0998	 -2.6466	  1.0000
  1.3624	  0.7408	  0.1112	 -2.3941	  0.0000
  1.4867	  0.7408	  0.0533	 -2.6196	  1.0000
  1.6111	  0.7408	  0.2562	 -2.5982	  0.0000
  1.7354	  0.7408	  0.1994	 -2.6110	  0.0000
  1.8597	  0.7408	  0.0582	 -2.6121	  1.0000
  1.9840	  0.7408	  0.0394	 -2.6076	  1.0000
  2.1084	  0.7408	  0.0232	 -2.6100	  1.0000
  2.2327	  0.7408	 -0.0068	 -2.6003	  1.0000
  2.3570	  0.7408	 -0.0621	 -2.5789	  1.0000
  2.4814	  0.7408	 -0.0962	 -2.5591	  1.0000
  2.6057	  0.7408	 -0.2491	 -2.5999	  0.0000
  2.7300	  0.7408	 -0.2370	 -2.5506	  0.0000
  2.8543	  0.7408	 -0.1714	 -2.5389	  0.0000
  2.9787	  0.7408	 -0.1203	 -2.5086	  1.0000
  3.1030	  0.7408	 -0.1081	 -2.5087	  1.0000
  3.2273	  0.7408	 -0.1308	 -2.5047	  1.0000
  3.3516	  0.7408	 -0.1502	 -2.5114	  1.0000
  3.4760	  0.7408	 -0.1334	 -2.5721	  0.0000
  3.6003	  0.7408	 -0.1038	 -2.5985	  0.0000
  3.7246	  0.7408	 -0.1819	 -2.5634	  1.0000
  3.8489	  0.7408	 -0.1974	 -2.5757	  1.0000
  3.9733	  0.7408	 -0.1618	 -2.6061	  0.0000
  4.0976	  0.7408	 -0.1453	 -2.5967	  0.0000
  4.2219	  0.7408	 -0.0619	 -2.5135	  0.0000
  4.3462	  0.7408	 -0.0573	 -2.4791	  0.0000
  4.4706	  0.7408	 -0.1139	 -2.5104	  0.0000
  4.5949	  0.7408	 -0.1751	 -2.4433	  0.0000
  4.7192	  0.7408	 -0.1024	 -2.4159	  0.0000
  4.8436	  0.7408	  0.0156	 -2.5089	  1.0000
  4.9679	  0.7408	  0.0140	 -2.5245	  1.0000
  5.0922	  0.7408	 -0.0092	 -2.5658	  0.0000
  0.1191	  0.6165	  0.2511	 -2.7055	  1.0000
  0.2435	  0.6165	  0.2177	 -2.7079	  1.0000
  0.3678	  0.6165	  0.2297	 -2.7049	  1.0000
  0.4921	  0.6165	  0.2214	 -2.7009	  1.0000
  0.6165	  0.6165	  0.2130	 -2.6947	  1.0000
  0.7408	  0.6165	  0.2172	 -2.6813	  1.0000
  0.8651	  0.6165	  0.1790	 -2.6718	  1.0000
  0.9894	  0.6165	  0.1389	 -2.6619	  1.0000
  1.1138	  0.6165	  0.1338	 -2.6276	  1.0000
  1.2381	  0.6165	  0.0339	 -2.5069	  0.0000
  1.3624	  0.6165	  0.0725	 -2.6166	  1.0000
  1.4867	  0.6165	  0.0670	 -2.5878	  1.0000
  1.6111	  0.6165	  0.0683	 -2.5872	  1.0000
  1.7354	  0.6165	  0.0697	 -2.5956	  1.0000
  1.8597	  0.6165	  0.0773	 -2.5873	  1.0000
  1.9840	  0.6165	  0.0545	 -2.5899	  1.0000
  2.1084	  0.6165	  0.0291	 -2.5862	  1.0000
  2.2327	  0.6165	  0.0132	 -2.5755	  1.0000
  2.3570	  0.6165	 -0.0363	 -2.5701	  1.0000
  2.4814	  0.6165	 -0.0832	 -2.5556	  1.0000
  2.6057	  0.6165	 -0.0741	 -2.5415	  1.0000
  2.7300	  0.6165	 -0.0886	 -2.5438	  1.0000
  2.8543	  0.6165	 -0.0065	 -2.6435	  0.0000
  2.9787	  0.6165	 -0.1269	 -2.5107	  1.0000
  3.1030	  0.6165	 -0.1130	 -2.5148	  1.0000
  3.2273	  0.6165	 -0.1239	 -2.5288	  1.0000
  3.3516	  0.6165	 -0.1599	 -2.4181	  0.0000
  3.4760	  0.6165	 -0.2192	 -2.4618	  0.0000
  3.6003	  0.6165	 -0.1655	 -2.5553	  1.0000
  3.7246	  0.6165	 -0.1753	 -2.5743	  1.0000
  3.8489	  0.6165	 -0.1962	 -2.5810	  1.0000
  3.9733	  0.6165	 -0.1831	 -2.5987	  0.0000
  4.0976	  0.6165	 -0.1404	 -2.5607	  0.0000
  4.2219	  0.6165	 -0.1339	 -2.5370	  0.0000
  4.3462	  0.6165	 -0.1295	 -2.5361	  1.0000
  4.4706	  0.6165	 -0.0704	 -2.5082	  1.0000
  4.5949	  0.6165	 -0.0229	 -2.5193	  1.0000
  4.7192	  0.6165	  0.0949	 -2.3440	  0.0000
  4.8436	  0.6165	  0.0482	 -2.5159	  1.0000
  4.9679	  0.6165	  0.0575	 -2.5365	  1.0000
  5.0922	  0.6165	  0.0793	 -2.5410	  1.0000
  0.1191	  0.4921	  0.2210	 -2.7074	  1.0000
  0.2435	  0.4921	  0.2252	 -2.7052	  1.0000
  0.3678	  0.4921	  0.2208	 -2.7034	  1.0000
  0.4921	  0.4921	  0.2180	 -2.6969	  1.0000
  0.6165	  0.4921	  0.2312	 -2.6861	  1.0000
  0.7408	  0.4921	  0.2198	 -2.6782	  1.0000
  0.8651	  0.4921	  0.1842	 -2.6685	  1.0000
  0.9894	  0.4921	  0.3672	 -2.5562	  0.0000
  1.1138	  0.4921	  0.1383	 -2.6098	  1.0000
  1.2381	  0.4921	 -0.0559	 -2.6042	  0.0000
  1.3624	  0.4921	 -0.0515	 -2.5830	  0.0000
  1.4867	  0.4921	  0.0749	 -2.5710	  1.0000
  1.6111	  0.4921	  0.0761	 -2.5828	  1.0000
  1.7354	  0.4921	  0.0707	 -2.5839	  1.0000
  1.8597	  0.4921	  0.0824	 -2.5800	  1.0000
  1.9840	  0.4921	  0.0837	 -2.5753	  1.0000
  2.1084	  0.4921	  0.0593	 -2.5653	  1.0000
  2.2327	  0.4921	  0.0281	 -2.5610	  1.0000
  2.3570	  0.4921	  0.0134	 -2.5429	  1.0000
  2.4814	  0.4921	 -0.0211	 -2.5364	  1.0000
  2.6057	  0.4921	 -0.0513	 -2.5459	  1.0000
  2.7300	  0.4921	 -0.0757	 -2.5329	  1.0000
  2.8543	  0.4921	  0.1266	 -2.5705	  0.0000
  2.9787	  0.4921	  0.0404	 -2.6117	  0.0000
  3.1030	  0.4921	 -0.1196	 -2.5297	  1.0000
  3.2273	  0.4921	 -0.2158	 -2.4002	  0.0000
  3.3516	  0.4921	 -0.1720	 -2.4520	  0.0000
  3.4760	  0.4921	 -0.1568	 -2.5484	  1.0000
  3.6003	  0.4921	 -0.1800	 -2.5525	  1.0000
  3.7246	  0.4921	 -0.1733	 -2.5727	  1.0000
  3.8489	  0.4921	 -0.1669	 -2.5857	  1.0000
  3.9733	  0.4921	 -0.3726	 -2.5978	  0.0000
  4.0976	  0.4921	 -0.3213	 -2.5558	  0.0000
  4.2219	  0.4921	 -0.1221	 -2.5631	  1.0000
  4.3462	  0.4921	 -0.1057	 -2.5532	  1.0000
  4.4706	  0.4921	 -0.0669	 -2.5327	  1.0000
  4.5949	  0.4921	  0.0293	 -2.3386	  0.0000
  4.7192	  0.4921	  0.1768	 -2.4272	  0.0000
  4.8436	  0.4921	  0.0779	 -2.5589	  1.0000
  4.9679	  0.4921	  0.0881	 -2.5537	  1.0000
  5.0922	  0.4921	  0.1296	 -2.5948	  1.0000
  0.1191	  0.3678	  0.2226	 -2.7053	  1.0000
  0.2435	  0.3678	  0.2252	 -2.7029	  1.0000
  0.3678	  0.3678	  0.2273	 -2.6996	  1.0000
  0.4921	  0.3678	  0.2305	 -2.6927	  1.0000
  0.6165	  0.3678	  0.2215	 -2.6846	  1.0000
  0.7408	  0.3678	  0.2181	 -2.6674	  1.0000
  0.8651	  0.3678	  0.4997	 -2.6320	  0.0000
  0.9894	  0.3678	  0.3047	 -2.6565	  0.0000
  1.1138	  0.3678	  0.1153	 -2.6549	  0.0000
  1.2381	  0.3678	 -0.0460	 -2.6080	  0.0000
  1.3624	  0.3678	  0.0762	 -2.5964	  1.0000
  1.4867	  0.3678	  0.0517	 -2.5939	  1.0000
  1.6111	  0.3678	 -0.0249	 -2.4856	  0.0000
  1.7354	  0.3678	  0.0719	 -2.5867	  1.0000
  1.8597	  0.3678	  0.0733	 -2.5761	  1.0000
  1.9840	  0.3678	  0.0971	 -2.5616	  1.0000
  2.1084	  0.3678	  0.1057	 -2.5542	  1.0000
  2.2327	  0.3678	  0.0619	 -2.5512	  1.0000
  2.3570	  0.3678	  0.0493	 -2.5172	  1.0000
  2.4814	  0.3678	  0.0355	 -2.5142	  1.0000
  2.6057	  0.3678	 -0.0057	 -2.5512	  1.0000
  2.7300	  0.3678	 -0.0382	 -2.5307	  1.0000
  2.8543	  0.3678	 -0.0785	 -2.5159	  1.0000
  2.9787	  0.3678	 -0.0966	 -2.5464	  1.0000
  3.1030	  0.3678	 -0.1008	 -2.5457	  1.0000
  3.2273	  0.3678	 -0.1291	 -2.5305	  1.0000
  3.3516	  0.3678	 -0.1592	 -2.5448	  1.0000
  3.4760	  0.3678	 -0.1680	 -2.5603	  1.0000
  3.6003	  0.3678	 -0.1701	 -2.5637	  1.0000
  3.7246	  0.3678	 -0.1910	 -2.5825	  1.0000
  3.8489	  0.3678	 -0.2003	 -2.5944	  1.0000
  3.9733	  0.3678	 -0.1716	 -2.5886	  1.0000
  4.0976	  0.3678	 -0.1571	 -2.5904	  1.0000
  4.2219	  0.3678	 -0.2271	 -2.6120	  0.0000
  4.3462	  0.3678	 -0.1043	 -2.5613	  1.0000
  4.4706	  0.3678	 -0.0383	 -2.5572	  1.0000
  4.5949	  0.3678	 -0.0126	 -2.4893	  0.0000
  4.7192	  0.3678	  0.1279	 -2.5865	  0.0000
  4.8436	  0.3678	  0.0856	 -2.5755	  1.0000
  4.9679	  0.3678	  0.3791	 -2.6134	  0.0000
  5.0922	  0.3678	  0.3852	 -2.6296	  0.0000
  0.1191	  0.2435	  0.2241	 -2.7031	  1.0000
  0.2435	  0.2435	  0.2236	 -2.7010	  1.0000
  0.3678	  0.2435	  0.2273	 -2.6972	  1.0000
  0.4921	  0.2435	  0.2300	 -2.6903	  1.0000
  0.6165	  0.2435	  0.2452	 -2.6805	  1.0000
  0.7408	  0.2435	  0.2613	 -2.6614	  1.0000
  0.8651	  0.2435	  0.2237	 -2.6487	  1.0000
  0.9894	  0.2435	  0.1693	 -2.6409	  1.0000
  1.1138	  0.2435	  0.1567	 -2.6318	  1.0000
  1.2381	  0.2435	  0.0221	 -2.5141	  0.0000
  1.3624	  0.2435	  0.0614	 -2.6021	  1.0000
  1.4867	  0.2435	  0.0374	 -2.5977	  1.0000
  1.6111	  0.2435	  0.0607	 -2.6046	  1.0000
  1.7354	  0.2435	  0.0682	 -2.5767	  1.0000
  1.8597	  0.2435	  0.0726	 -2.5621	  1.0000
  1.9840	  0.2435	  0.0927	 -2.5630	  1.0000
  2.1084	  0.2435	  0.1111	 -2.5532	  1.0000
  2.2327	  0.2435	  0.3145	 -2.4584	  0.0000
  2.3570	  0.2435	  0.0532	 -2.5253	  1.0000
  2.4814	  0.2435	  0.0403	 -2.5231	  1.0000
  2.6057	  0.2435	 -0.0026	 -2.3481	  0.0000
  2.7300	  0.2435	 -0.0273	 -2.5356	  1.0000
  2.8543	  0.2435	 -0.0718	 -2.5288	  1.0000
  2.9787	  0.2435	 -0.1033	 -2.5391	  1.0000
  3.1030	  0.2435	 -0.1000	 -2.5496	  1.0000
  3.2273	  0.2435	 -0.1210	 -2.5502	  1.0000
  3.3516	  0.2435	 -0.1631	 -2.5534	  1.0000
  3.4760	  0.2435	 -0.1534	 -2.5353	  0.0000
  3.6003	  0.2435	 -0.1617	 -2.5805	  1.0000
  3.7246	  0.2435	 -0.2229	 -2.6144	  0.0000
  3.8489	  0.2435	 -0.2089	 -2.5962	  1.0000
  3.9733	  0.2435	 -0.1778	 -2.5955	  1.0000
  4.0976	  0.2435	 -0.1605	 -2.6012	  1.0000
  4.2219	  0.2435	 -0.1488	 -2.5860	  1.0000
  4.3462	  0.2435	 -0.1121	 -2.5576	  1.0000
  4.4706	  0.2435	 -0.0309	 -2.5619	  1.0000
  4.5949	  0.2435	 -0.0515	 -2.6640	  0.0000
  4.7192	  0.2435	  0.0456	 -2.6784	  0.0000
  4.8436	  0.2435	  0.1440	 -2.6874	  0.0000
  4.9679	  0.2435	  0.2934	 -2.7959	  0.0000
  5.0922	  0.2435	  0.1432	 -2.5950	  1.0000
  0.1191	  0.1191	  0.2259	 -2.7002	  1.0000
  0.2435	  0.1191	  0.2270	 -2.6980	  1.0000
  0.3678	  0.1191	  0.2278	 -2.6951	  1.0000
  0.4921	  0.1191	  0.2312	 -2.6868	  1.0000
  0.6165	  0.1191	  0.2648	 -2.6737	  1.0000
  0.7408	  0.1191	  0.2656	 -2.6658	  1.0000
  0.8651	  0.1191	  0.2115	 -2.6598	  1.0000
  0.9894	  0.1191	  0.1814	 -2.6273	  1.0000
  1.1138	  0.1191	  0.1639	 -2.6123	  1.0000
  1.2381	  0.1191	  0.1216	 -2.6218	  1.0000
  1.3624	  0.1191	  0.0900	 -2.7622	  0.0000
  1.4867	  0.1191	  0.0588	 -2.6912	  0.0000
  1.6111	  0.1191	  0.0641	 -2.5865	  1.0000
  1.7354	  0.1191	  0.0576	 -2.5681	  1.0000
  1.8597	  0.1191	  0.0728	 -2.5607	  1.0000
  1.9840	  0.1191	  0.1099	 -2.5523	  1.0000
  2.1084	  0.1191	  0.1018	 -2.5394	  1.0000
  2.2327	  0.1191	  0.3276	 -2.5259	  0.0000
  2.3570	  0.1191	  0.3347	 -2.5321	  0.0000
  2.4814	  0.1191	  0.0507	 -2.5022	  1.0000
  2.6057	  0.1191	 -0.0531	 -2.3546	  0.0000
  2.7300	  0.1191	 -0.1079	 -2.5318	  0.0000
  2.8543	  0.1191	 -0.1905	 -2.6421	  0.0000
  2.9787	  0.1191	 -0.0833	 -2.5359	  1.0000
  3.1030	  0.1191	 -0.1694	 -2.5285	  0.0000
  3.2273	  0.1191	 -0.1406	 -2.6107	  0.0000
  3.3516	  0.1191	 -0.1017	 -2.6342	  0.0000
  3.4760	  0.1191	 -0.1648	 -2.5650	  1.0000
  3.6003	  0.1191	 -0.2419	 -2.7052	  0.0000
  3.7246	  0.1191	 -0.1694	 -2.6618	  0.0000
  3.8489	  0.1191	 -0.1176	 -2.6645	  0.0000
  3.9733	  0.1191	 -0.1896	 -2.5971	  1.0000
  4.0976	  0.1191	 -0.1689	 -2.5865	  1.0000
  4.2219	  0.1191	 -0.1191	 -2.5767	  1.0000
  4.3462	  0.1191	 -0.0292	 -2.7195	  0.0000
  4.4706	  0.1191	 -0.0604	 -2.5919	  1.0000
  4.5949	  0.1191	 -0.0806	 -2.6972	  0.0000
  4.7192	  0.1191	  0.0961	 -2.6181	  1.0000
  4.8436	  0.1191	  0.1638	 -2.6315	  1.0000
  4.9679	  0.1191	  0.0646	 -2.6367	  0.0000
  5.0922	  0.1191	  0.2255	 -2.6681	  1.0000
