  0.1191	  3.6003	 -0.0312	 -3.1518	  1.0000
  0.2435	  3.6003	 -0.0363	 -3.1523	  1.0000
  0.3678	  3.6003	 -0.0313	 -3.1591	  1.0000
  0.4921	  3.6003	 -0.0455	 -3.1632	  1.0000
  0.6165	  3.6003	 -0.0627	 -3.1591	  1.0000
  0.7408	  3.6003	 -0.2576	 -3.1973	  0.0000
  0.8651	  3.6003	 -0.1406	 -3.1983	  0.0000
  0.9894	  3.6003	 -0.0775	 -3.1792	  0.0000
  1.1138	  3.6003	 -0.1441	 -3.1592	  0.0000
  1.2381	  3.6003	 -0.1906	 -3.1214	  0.0000
  1.3624	  3.6003	  0.0378	 -3.0290	  1.0000
  1.4867	  3.6003	  0.0775	 -2.9945	  1.0000
  1.6111	  3.6003	  0.0953	 -2.9638	  1.0000
  1.7354	  3.6003	  0.0976	 -2.9219	  1.0000
  1.8597	  3.6003	  0.0978	 -2.8927	  1.0000
  1.9840	  3.6003	  0.0844	 -2.8606	  1.0000
  2.1084	  3.6003	  0.4456	 -3.0692	  0.0000
  2.2327	  3.6003	 -0.0015	 -2.7654	  1.0000
  2.3570	  3.6003	 -0.0480	 -2.6864	  1.0000
  2.4814	  3.6003	 -0.0932	 -2.6408	  1.0000
  2.6057	  3.6003	 -0.1385	 -2.6654	  1.0000
  2.7300	  3.6003	 -0.1369	 -2.6941	  1.0000
  2.8543	  3.6003	 -0.1488	 -2.7311	  1.0000
  2.9787	  3.6003	 -0.1586	 -2.7862	  1.0000
  3.1030	  3.6003	  0.0040	 -3.2313	  0.0000
  3.2273	  3.6003	  0.0851	 -3.1390	  0.0000
  3.3516	  3.6003	 -0.0944	 -2.9543	  1.0000
  3.4760	  3.6003	 -0.0701	 -3.1422	  0.0000
  3.6003	  3.6003	 -0.1259	 -3.0624	  0.0000
  3.7246	  3.6003	 -0.1224	 -2.9044	  0.0000
  3.8489	  3.6003	 -0.1479	 -2.8872	  0.0000
  3.9733	  3.6003	 -0.0206	 -3.0109	  0.0000
  4.0976	  3.6003	 -0.0522	 -3.0709	  0.0000
  4.2219	  3.6003	 -0.1163	 -2.8469	  1.0000
  4.3462	  3.6003	 -0.1116	 -2.8336	  1.0000
  4.4706	  3.6003	 -0.0769	 -2.6590	  0.0000
  4.5949	  3.6003	 -0.0626	 -2.8437	  1.0000
  4.7192	  3.6003	 -0.0751	 -2.8199	  1.0000
  4.8436	  3.6003	 -0.0334	 -2.8658	  1.0000
  4.9679	  3.6003	 -0.0153	 -2.8880	  1.0000
  5.0922	  3.6003	 -0.0490	 -2.8390	  1.0000
  0.1191	  3.4760	 -0.0274	 -3.1475	  1.0000
  0.2435	  3.4760	 -0.0305	 -3.1484	  1.0000
  0.3678	  3.4760	 -0.0283	 -3.1517	  1.0000
  0.4921	  3.4760	 -0.0442	 -3.1542	  1.0000
  0.6165	  3.4760	 -0.0587	 -3.1538	  1.0000
  0.7408	  3.4760	 -0.1680	 -3.1897	  0.0000
  0.8651	  3.4760	 -0.0857	 -3.1756	  0.0000
  0.9894	  3.4760	 -0.0544	 -3.1576	  0.0000
  1.1138	  3.4760	 -0.0702	 -3.1792	  0.0000
  1.2381	  3.4760	  0.0135	 -3.0557	  1.0000
  1.3624	  3.4760	  0.0288	 -3.0210	  1.0000
  1.4867	  3.4760	  0.0658	 -2.9909	  1.0000
  1.6111	  3.4760	  0.0950	 -2.9527	  1.0000
  1.7354	  3.4760	  0.0944	 -2.9130	  1.0000
  1.8597	  3.4760	  0.1270	 -2.9069	  1.0000
  1.9840	  3.4760	  0.1057	 -2.8736	  1.0000
  2.1084	  3.4760	  0.0361	 -2.8076	  1.0000
  2.2327	  3.4760	  0.0269	 -2.7828	  1.0000
  2.3570	  3.4760	 -0.0274	 -2.7261	  1.0000
  2.4814	  3.4760	 -0.1216	 -2.6484	  1.0000
  2.6057	  3.4760	 -0.0727	 -2.5198	  0.0000
  2.7300	  3.4760	 -0.1781	 -2.6680	  1.0000
  2.8543	  3.4760	 -0.1777	 -2.7020	  1.0000
  2.9787	  3.4760	 -0.0590	 -3.0361	  0.0000
  3.1030	  3.4760	 -0.1075	 -3.0443	  0.0000
  3.2273	  3.4760	 -0.1153	 -2.8980	  1.0000
  3.3516	  3.4760	 -0.0675	 -2.9812	  1.0000
  3.4760	  3.4760	 -0.0561	 -2.9842	  1.0000
  3.6003	  3.4760	 -0.0918	 -2.9769	  1.0000
  3.7246	  3.4760	 -0.1905	 -2.9653	  0.0000
  3.8489	  3.4760	 -0.0707	 -3.0033	  1.0000
  3.9733	  3.4760	 -0.1007	 -2.9507	  1.0000
  4.0976	  3.4760	 -0.1278	 -2.8786	  1.0000
  4.2219	  3.4760	 -0.1123	 -2.8504	  1.0000
  4.3462	  3.4760	 -0.1028	 -2.8379	  1.0000
  4.4706	  3.4760	 -0.1148	 -2.7937	  1.0000
  4.5949	  3.4760	 -0.0966	 -2.7823	  1.0000
  4.7192	  3.4760	  0.1740	 -3.1649	  0.0000
  4.8436	  3.4760	 -0.0631	 -2.8227	  1.0000
  4.9679	  3.4760	 -0.0600	 -2.8221	  1.0000
  5.0922	  3.4760	 -0.0382	 -2.8493	  1.0000
  0.1191	  3.3516	 -0.0228	 -3.1428	  1.0000
  0.2435	  3.3516	 -0.0237	 -3.1434	  1.0000
  0.3678	  3.3516	 -0.0280	 -3.1415	  1.0000
  0.4921	  3.3516	 -0.0470	 -3.1443	  1.0000
  0.6165	  3.3516	  0.0270	 -3.2024	  0.0000
  0.7408	  3.3516	 -0.0360	 -3.1462	  1.0000
  0.8651	  3.3516	 -0.0498	 -3.1462	  1.0000
  0.9894	  3.3516	 -0.0500	 -3.1220	  1.0000
  1.1138	  3.3516	 -0.0059	 -3.0872	  1.0000
  1.2381	  3.3516	  0.0280	 -3.0619	  1.0000
  1.3624	  3.3516	  0.0439	 -3.0197	  1.0000
  1.4867	  3.3516	  0.0697	 -2.9693	  1.0000
  1.6111	  3.3516	  0.0984	 -2.9326	  1.0000
  1.7354	  3.3516	  0.2085	 -2.9976	  0.0000
  1.8597	  3.3516	  0.1128	 -2.8913	  1.0000
  1.9840	  3.3516	  0.0906	 -2.8589	  1.0000
  2.1084	  3.3516	  0.0381	 -2.8084	  1.0000
  2.2327	  3.3516	  0.0158	 -2.7807	  1.0000
  2.3570	  3.3516	 -0.0303	 -2.7341	  1.0000
  2.4814	  3.3516	 -0.1183	 -2.6716	  1.0000
  2.6057	  3.3516	 -0.1995	 -2.4762	  0.0000
  2.7300	  3.3516	 -0.2875	 -2.4423	  0.0000
  2.8543	  3.3516	 -0.1736	 -2.7338	  1.0000
  2.9787	  3.3516	 -0.1756	 -2.7667	  1.0000
  3.1030	  3.3516	 -0.1108	 -2.8960	  0.0000
  3.2273	  3.3516	 -0.1195	 -2.9059	  1.0000
  3.3516	  3.3516	 -0.0899	 -2.9586	  1.0000
  3.4760	  3.3516	 -0.0741	 -2.9599	  1.0000
  3.6003	  3.3516	 -0.0803	 -2.9694	  1.0000
  3.7246	  3.3516	 -0.0565	 -3.0951	  0.0000
  3.8489	  3.3516	 -0.1738	 -3.0258	  0.0000
  3.9733	  3.3516	 -0.0949	 -2.9373	  1.0000
  4.0976	  3.3516	 -0.1195	 -2.8889	  1.0000
  4.2219	  3.3516	 -0.1305	 -2.8441	  1.0000
  4.3462	  3.3516	 -0.1713	 -2.6601	  0.0000
  4.4706	  3.3516	 -0.1058	 -2.8141	  1.0000
  4.5949	  3.3516	 -0.0978	 -2.7939	  1.0000
  4.7192	  3.3516	 -0.0854	 -2.7889	  1.0000
  4.8436	  3.3516	 -0.0511	 -2.8317	  1.0000
  4.9679	  3.3516	 -0.0419	 -2.8422	  1.0000
  5.0922	  3.3516	 -0.0521	 -2.8258	  1.0000
  0.1191	  3.2273	 -0.0158	 -3.1328	  1.0000
  0.2435	  3.2273	 -0.0173	 -3.1323	  1.0000
  0.3678	  3.2273	 -0.0143	 -3.1343	  1.0000
  0.4921	  3.2273	 -0.0190	 -3.1337	  1.0000
  0.6165	  3.2273	 -0.0226	 -3.1265	  1.0000
  0.7408	  3.2273	 -0.0084	 -3.1249	  1.0000
  0.8651	  3.2273	 -0.0101	 -3.1284	  1.0000
  0.9894	  3.2273	 -0.0012	 -3.0987	  1.0000
  1.1138	  3.2273	  0.0334	 -3.0543	  1.0000
  1.2381	  3.2273	  0.0543	 -3.0346	  1.0000
  1.3624	  3.2273	  0.0727	 -2.9987	  1.0000
  1.4867	  3.2273	  0.1008	 -2.9532	  1.0000
  1.6111	  3.2273	  0.1201	 -2.9181	  1.0000
  1.7354	  3.2273	  0.1144	 -2.8911	  1.0000
  1.8597	  3.2273	  0.0955	 -2.8745	  1.0000
  1.9840	  3.2273	  0.0748	 -2.8482	  1.0000
  2.1084	  3.2273	  0.0424	 -2.8163	  1.0000
  2.2327	  3.2273	 -0.0128	 -2.7780	  1.0000
  2.3570	  3.2273	 -0.0615	 -2.7257	  1.0000
  2.4814	  3.2273	 -0.1170	 -2.6794	  1.0000
  2.6057	  3.2273	 -0.2009	 -2.5659	  0.0000
  2.7300	  3.2273	 -0.3650	 -2.4699	  0.0000
  2.8543	  3.2273	 -0.4216	 -2.5570	  0.0000
  2.9787	  3.2273	 -0.1947	 -2.7436	  1.0000
  3.1030	  3.2273	 -0.1684	 -2.6865	  0.0000
  3.2273	  3.2273	 -0.0699	 -2.7585	  0.0000
  3.3516	  3.2273	 -0.1093	 -2.7880	  0.0000
  3.4760	  3.2273	 -0.1426	 -2.8628	  0.0000
  3.6003	  3.2273	  0.0623	 -3.1602	  0.0000
  3.7246	  3.2273	  0.0478	 -3.1147	  0.0000
  3.8489	  3.2273	 -0.0680	 -3.0294	  0.0000
  3.9733	  3.2273	 -0.1570	 -2.9455	  0.0000
  4.0976	  3.2273	 -0.1302	 -2.8775	  1.0000
  4.2219	  3.2273	 -0.1409	 -2.8187	  1.0000
  4.3462	  3.2273	 -0.2025	 -2.7003	  0.0000
  4.4706	  3.2273	 -0.1103	 -2.7971	  1.0000
  4.5949	  3.2273	 -0.1016	 -2.7788	  1.0000
  4.7192	  3.2273	 -0.0962	 -2.7700	  1.0000
  4.8436	  3.2273	 -0.0588	 -2.8104	  1.0000
  4.9679	  3.2273	 -0.0467	 -2.8240	  1.0000
  5.0922	  3.2273	 -0.0649	 -2.7981	  1.0000
  0.1191	  3.1030	 -0.0075	 -3.1216	  1.0000
  0.2435	  3.1030	 -0.0083	 -3.1203	  1.0000
  0.3678	  3.1030	 -0.0032	 -3.1217	  1.0000
  0.4921	  3.1030	  0.0013	 -3.1174	  1.0000
  0.6165	  3.1030	  0.0016	 -3.1075	  1.0000
  0.7408	  3.1030	  0.0145	 -3.0947	  1.0000
  0.8651	  3.1030	  0.0257	 -3.0803	  1.0000
  0.9894	  3.1030	  0.0297	 -3.1842	  0.0000
  1.1138	  3.1030	  0.0568	 -3.1581	  0.0000
  1.2381	  3.1030	  0.0797	 -2.9900	  1.0000
  1.3624	  3.1030	  0.1224	 -2.9361	  1.0000
  1.4867	  3.1030	  0.1656	 -2.8941	  1.0000
  1.6111	  3.1030	  0.1421	 -2.8952	  1.0000
  1.7354	  3.1030	  0.1277	 -2.8673	  1.0000
  1.8597	  3.1030	  0.1359	 -2.8390	  1.0000
  1.9840	  3.1030	  0.0875	 -2.8391	  1.0000
  2.1084	  3.1030	  0.0265	 -2.8274	  1.0000
  2.2327	  3.1030	 -0.0193	 -2.7942	  1.0000
  2.3570	  3.1030	 -0.0709	 -2.7471	  1.0000
  2.4814	  3.1030	 -0.1243	 -2.7015	  1.0000
  2.6057	  3.1030	 -0.1710	 -2.6887	  1.0000
  2.7300	  3.1030	 -0.4222	 -2.4718	  0.0000
  2.8543	  3.1030	 -0.2050	 -2.6796	  1.0000
  2.9787	  3.1030	 -0.2127	 -2.7093	  1.0000
  3.1030	  3.1030	 -0.1976	 -2.7608	  1.0000
  3.2273	  3.1030	 -0.1844	 -2.7752	  0.0000
  3.3516	  3.1030	 -0.1538	 -2.8684	  1.0000
  3.4760	  3.1030	 -0.1245	 -2.9152	  1.0000
  3.6003	  3.1030	 -0.1367	 -2.9402	  1.0000
  3.7246	  3.1030	  0.0814	 -3.0709	  0.0000
  3.8489	  3.1030	  0.0042	 -3.0389	  0.0000
  3.9733	  3.1030	 -0.0813	 -3.0276	  0.0000
  4.0976	  3.1030	 -0.1493	 -2.8572	  1.0000
  4.2219	  3.1030	 -0.2254	 -2.7797	  0.0000
  4.3462	  3.1030	 -0.2587	 -2.6609	  0.0000
  4.4706	  3.1030	 -0.2937	 -2.5999	  0.0000
  4.5949	  3.1030	 -0.0989	 -2.7491	  1.0000
  4.7192	  3.1030	 -0.0769	 -2.7657	  1.0000
  4.8436	  3.1030	 -0.0811	 -2.7697	  1.0000
  4.9679	  3.1030	 -0.0750	 -2.7720	  1.0000
  5.0922	  3.1030	 -0.0638	 -2.7847	  1.0000
  0.1191	  2.9787	  0.0017	 -3.1097	  1.0000
  0.2435	  2.9787	  0.0033	 -3.1080	  1.0000
  0.3678	  2.9787	  0.0048	 -3.1041	  1.0000
  0.4921	  2.9787	  0.0108	 -3.0971	  1.0000
  0.6165	  2.9787	  0.0189	 -3.0885	  1.0000
  0.7408	  2.9787	  0.0298	 -3.0790	  1.0000
  0.8651	  2.9787	  0.0570	 -3.0486	  1.0000
  0.9894	  2.9787	  0.0953	 -2.9942	  1.0000
  1.1138	  2.9787	  0.0150	 -3.0939	  0.0000
  1.2381	  2.9787	  0.0797	 -2.9822	  0.0000
  1.3624	  2.9787	  0.1700	 -2.8868	  1.0000
  1.4867	  2.9787	  0.1826	 -2.8580	  1.0000
  1.6111	  2.9787	  0.1420	 -2.8779	  1.0000
  1.7354	  2.9787	  0.1309	 -2.8616	  1.0000
  1.8597	  2.9787	  0.1244	 -2.8382	  1.0000
  1.9840	  2.9787	  0.0726	 -2.8430	  1.0000
  2.1084	  2.9787	  0.0172	 -2.8398	  1.0000
  2.2327	  2.9787	 -0.0202	 -2.8210	  1.0000
  2.3570	  2.9787	 -0.0660	 -2.7905	  1.0000
  2.4814	  2.9787	 -0.1337	 -2.7359	  1.0000
  2.6057	  2.9787	 -0.1752	 -2.7129	  1.0000
  2.7300	  2.9787	 -0.1826	 -2.7179	  1.0000
  2.8543	  2.9787	 -0.2202	 -2.6822	  1.0000
  2.9787	  2.9787	 -0.2382	 -2.6844	  1.0000
  3.1030	  2.9787	 -0.2140	 -2.7420	  1.0000
  3.2273	  2.9787	 -0.2202	 -2.7790	  1.0000
  3.3516	  2.9787	 -0.2022	 -2.8288	  1.0000
  3.4760	  2.9787	 -0.1535	 -2.8815	  1.0000
  3.6003	  2.9787	 -0.1627	 -2.9117	  1.0000
  3.7246	  2.9787	 -0.0627	 -2.9938	  0.0000
  3.8489	  2.9787	 -0.1415	 -2.9416	  1.0000
  3.9733	  2.9787	 -0.1348	 -2.8944	  1.0000
  4.0976	  2.9787	 -0.1633	 -2.8561	  1.0000
  4.2219	  2.9787	 -0.1565	 -2.8105	  1.0000
  4.3462	  2.9787	 -0.1348	 -2.7719	  1.0000
  4.4706	  2.9787	 -0.1024	 -2.6649	  0.0000
  4.5949	  2.9787	 -0.1137	 -2.7297	  1.0000
  4.7192	  2.9787	 -0.0881	 -2.7406	  1.0000
  4.8436	  2.9787	 -0.0833	 -2.7467	  1.0000
  4.9679	  2.9787	 -0.0790	 -2.7484	  1.0000
  5.0922	  2.9787	 -0.0728	 -2.7559	  1.0000
  0.1191	  2.8543	  0.0102	 -3.0966	  1.0000
  0.2435	  2.8543	  0.0121	 -3.0948	  1.0000
  0.3678	  2.8543	  0.0147	 -3.0904	  1.0000
  0.4921	  2.8543	  0.0215	 -3.0816	  1.0000
  0.6165	  2.8543	  0.0322	 -3.0690	  1.0000
  0.7408	  2.8543	  0.0471	 -3.0550	  1.0000
  0.8651	  2.8543	  0.0679	 -3.0318	  1.0000
  0.9894	  2.8543	  0.1124	 -2.9766	  1.0000
  1.1138	  2.8543	  0.1307	 -2.9483	  1.0000
  1.2381	  2.8543	  0.2680	 -2.7526	  0.0000
  1.3624	  2.8543	  0.1558	 -2.8954	  1.0000
  1.4867	  2.8543	  0.1477	 -2.8794	  1.0000
  1.6111	  2.8543	  0.4907	 -2.5732	  0.0000
  1.7354	  2.8543	  0.4684	 -2.6222	  0.0000
  1.8597	  2.8543	  0.0670	 -2.8872	  1.0000
  1.9840	  2.8543	  0.0429	 -2.8757	  1.0000
  2.1084	  2.8543	  0.0135	 -2.8629	  1.0000
  2.2327	  2.8543	 -0.0266	 -2.8595	  1.0000
  2.3570	  2.8543	 -0.0674	 -2.8360	  1.0000
  2.4814	  2.8543	 -0.1187	 -2.7844	  1.0000
  2.6057	  2.8543	 -0.1487	 -2.7646	  1.0000
  2.7300	  2.8543	 -0.1675	 -2.7516	  1.0000
  2.8543	  2.8543	 -0.2117	 -2.7089	  1.0000
  2.9787	  2.8543	 -0.2285	 -2.7082	  1.0000
  3.1030	  2.8543	 -0.2267	 -2.7463	  1.0000
  3.2273	  2.8543	 -0.2455	 -2.7716	  1.0000
  3.3516	  2.8543	 -0.2432	 -2.7970	  1.0000
  3.4760	  2.8543	 -0.3113	 -2.9570	  0.0000
  3.6003	  2.8543	 -0.2242	 -2.9044	  1.0000
  3.7246	  2.8543	 -0.2163	 -2.9058	  1.0000
  3.8489	  2.8543	 -0.1906	 -2.9011	  1.0000
  3.9733	  2.8543	 -0.1823	 -2.8822	  1.0000
  4.0976	  2.8543	 -0.1779	 -2.8453	  1.0000
  4.2219	  2.8543	 -0.1654	 -2.7913	  1.0000
  4.3462	  2.8543	 -0.1476	 -2.7519	  1.0000
  4.4706	  2.8543	  0.0267	 -2.6752	  0.0000
  4.5949	  2.8543	 -0.1179	 -2.7134	  1.0000
  4.7192	  2.8543	 -0.1009	 -2.7128	  1.0000
  4.8436	  2.8543	 -0.0833	 -2.7234	  1.0000
  4.9679	  2.8543	 -0.0793	 -2.7251	  1.0000
  5.0922	  2.8543	 -0.0815	 -2.7242	  1.0000
  0.1191	  2.7300	  0.0179	 -3.0831	  1.0000
  0.2435	  2.7300	  0.0195	 -3.0811	  1.0000
  0.3678	  2.7300	  0.0209	 -3.0784	  1.0000
  0.4921	  2.7300	  0.0282	 -3.0693	  1.0000
  0.6165	  2.7300	  0.0412	 -3.0533	  1.0000
  0.7408	  2.7300	  0.0585	 -3.0292	  1.0000
  0.8651	  2.7300	  0.0703	 -3.0113	  1.0000
  0.9894	  2.7300	  0.1070	 -2.9680	  1.0000
  1.1138	  2.7300	  0.2855	 -2.7095	  0.0000
  1.2381	  2.7300	  0.3545	 -2.6913	  0.0000
  1.3624	  2.7300	  0.1483	 -2.8854	  1.0000
  1.4867	  2.7300	  0.1715	 -2.8517	  1.0000
  1.6111	  2.7300	  0.1151	 -2.8840	  1.0000
  1.7354	  2.7300	  0.0844	 -2.8922	  1.0000
  1.8597	  2.7300	  0.0856	 -2.8799	  1.0000
  1.9840	  2.7300	  0.0425	 -2.8946	  1.0000
  2.1084	  2.7300	 -0.0101	 -2.9059	  1.0000
  2.2327	  2.7300	 -0.0398	 -2.8939	  1.0000
  2.3570	  2.7300	 -0.0690	 -2.8675	  1.0000
  2.4814	  2.7300	 -0.0224	 -2.9266	  0.0000
  2.6057	  2.7300	 -0.1338	 -2.8008	  1.0000
  2.7300	  2.7300	 -0.1692	 -2.7614	  1.0000
  2.8543	  2.7300	 -0.1943	 -2.7394	  1.0000
  2.9787	  2.7300	 -0.2191	 -2.7292	  1.0000
  3.1030	  2.7300	 -0.2997	 -2.5563	  0.0000
  3.2273	  2.7300	 -0.2642	 -2.7550	  1.0000
  3.3516	  2.7300	 -0.2680	 -2.7821	  1.0000
  3.4760	  2.7300	 -0.4238	 -2.8526	  0.0000
  3.6003	  2.7300	 -0.2786	 -2.8567	  1.0000
  3.7246	  2.7300	 -0.2542	 -2.8526	  1.0000
  3.8489	  2.7300	 -0.2325	 -2.8484	  1.0000
  3.9733	  2.7300	 -0.2800	 -3.0101	  0.0000
  4.0976	  2.7300	 -0.1894	 -2.8090	  1.0000
  4.2219	  2.7300	 -0.1525	 -2.7629	  1.0000
  4.3462	  2.7300	 -0.1356	 -2.7395	  1.0000
  4.4706	  2.7300	 -0.0372	 -2.7819	  0.0000
  4.5949	  2.7300	 -0.0972	 -2.7010	  1.0000
  4.7192	  2.7300	 -0.0875	 -2.6927	  1.0000
  4.8436	  2.7300	 -0.0870	 -2.7011	  1.0000
  4.9679	  2.7300	 -0.0814	 -2.7002	  1.0000
  5.0922	  2.7300	 -0.0811	 -2.6979	  1.0000
  0.1191	  2.6057	  0.0236	 -3.0696	  1.0000
  0.2435	  2.6057	  0.0254	 -3.0669	  1.0000
  0.3678	  2.6057	  0.0285	 -3.0674	  1.0000
  0.4921	  2.6057	  0.0323	 -3.0632	  1.0000
  0.6165	  2.6057	  0.0417	 -3.0439	  1.0000
  0.7408	  2.6057	  0.0612	 -3.0211	  1.0000
  0.8651	  2.6057	  0.0852	 -2.9878	  1.0000
  0.9894	  2.6057	  0.1150	 -2.9382	  1.0000
  1.1138	  2.6057	  0.1193	 -2.9236	  1.0000
  1.2381	  2.6057	  0.4072	 -2.7122	  0.0000
  1.3624	  2.6057	  0.1439	 -2.8667	  1.0000
  1.4867	  2.6057	  0.1176	 -2.8787	  1.0000
  1.6111	  2.6057	  0.0547	 -2.9243	  1.0000
  1.7354	  2.6057	  0.0540	 -2.9156	  1.0000
  1.8597	  2.6057	  0.0376	 -2.9290	  1.0000
  1.9840	  2.6057	 -0.0019	 -2.9646	  1.0000
  2.1084	  2.6057	 -0.0220	 -2.9634	  1.0000
  2.2327	  2.6057	 -0.0347	 -2.9446	  1.0000
  2.3570	  2.6057	 -0.0558	 -2.9214	  1.0000
  2.4814	  2.6057	 -0.1015	 -2.9850	  0.0000
  2.6057	  2.6057	 -0.1193	 -2.8356	  1.0000
  2.7300	  2.6057	 -0.1555	 -2.7818	  1.0000
  2.8543	  2.6057	 -0.1884	 -2.7239	  1.0000
  2.9787	  2.6057	 -0.2231	 -2.6891	  1.0000
  3.1030	  2.6057	 -0.2551	 -2.6995	  1.0000
  3.2273	  2.6057	 -0.2842	 -2.7039	  1.0000
  3.3516	  2.6057	 -0.3504	 -2.8093	  0.0000
  3.4760	  2.6057	 -0.3928	 -2.8361	  0.0000
  3.6003	  2.6057	 -0.2988	 -2.7838	  1.0000
  3.7246	  2.6057	 -0.5136	 -2.9831	  0.0000
  3.8489	  2.6057	 -0.3990	 -2.9655	  0.0000
  3.9733	  2.6057	 -0.2255	 -2.7857	  1.0000
  4.0976	  2.6057	 -0.2019	 -2.7796	  1.0000
  4.2219	  2.6057	 -0.1624	 -2.7591	  1.0000
  4.3462	  2.6057	 -0.1332	 -2.7197	  1.0000
  4.4706	  2.6057	 -0.1288	 -2.6932	  1.0000
  4.5949	  2.6057	 -0.0947	 -2.6835	  1.0000
  4.7192	  2.6057	 -0.0785	 -2.6770	  1.0000
  4.8436	  2.6057	 -0.0893	 -2.6691	  1.0000
  4.9679	  2.6057	 -0.0840	 -2.6699	  1.0000
  5.0922	  2.6057	 -0.0742	 -2.6765	  1.0000
  0.1191	  2.4814	  0.0283	 -3.0557	  1.0000
  0.2435	  2.4814	  0.0295	 -3.0540	  1.0000
  0.3678	  2.4814	  0.0336	 -3.0524	  1.0000
  0.4921	  2.4814	  0.0368	 -3.0476	  1.0000
  0.6165	  2.4814	  0.0206	 -3.0642	  0.0000
  0.7408	  2.4814	  0.0592	 -3.0109	  1.0000
  0.8651	  2.4814	  0.0787	 -2.9796	  1.0000
  0.9894	  2.4814	  0.1151	 -2.9311	  1.0000
  1.1138	  2.4814	  0.1137	 -2.9231	  1.0000
  1.2381	  2.4814	  0.0934	 -2.9204	  1.0000
  1.3624	  2.4814	  0.0946	 -2.9011	  1.0000
  1.4867	  2.4814	  0.0185	 -2.9445	  1.0000
  1.6111	  2.4814	 -0.0116	 -2.9656	  1.0000
  1.7354	  2.4814	 -0.0032	 -2.9643	  1.0000
  1.8597	  2.4814	 -0.0749	 -3.0124	  1.0000
  1.9840	  2.4814	 -0.0657	 -3.0214	  1.0000
  2.1084	  2.4814	 -0.0195	 -3.0018	  1.0000
  2.2327	  2.4814	 -0.0379	 -2.9899	  1.0000
  2.3570	  2.4814	 -0.0606	 -2.9592	  1.0000
  2.4814	  2.4814	 -0.0744	 -2.9164	  1.0000
  2.6057	  2.4814	 -0.1060	 -2.8618	  1.0000
  2.7300	  2.4814	 -0.1517	 -2.7959	  1.0000
  2.8543	  2.4814	 -0.1875	 -2.7204	  1.0000
  2.9787	  2.4814	 -0.2337	 -2.6670	  1.0000
  3.1030	  2.4814	 -0.2842	 -2.6687	  1.0000
  3.2273	  2.4814	 -0.3120	 -2.6711	  1.0000
  3.3516	  2.4814	 -0.3248	 -2.6621	  1.0000
  3.4760	  2.4814	 -0.3463	 -2.7015	  1.0000
  3.6003	  2.4814	 -0.3575	 -2.7536	  1.0000
  3.7246	  2.4814	 -0.3223	 -2.7698	  1.0000
  3.8489	  2.4814	 -0.2876	 -2.7713	  1.0000
  3.9733	  2.4814	 -0.2603	 -2.7654	  1.0000
  4.0976	  2.4814	 -0.2182	 -2.7532	  1.0000
  4.2219	  2.4814	 -0.1739	 -2.7317	  1.0000
  4.3462	  2.4814	 -0.1381	 -2.6933	  1.0000
  4.4706	  2.4814	 -0.1214	 -2.6639	  1.0000
  4.5949	  2.4814	 -0.1021	 -2.6686	  1.0000
  4.7192	  2.4814	 -0.0823	 -2.6580	  1.0000
  4.8436	  2.4814	 -0.0770	 -2.6384	  1.0000
  4.9679	  2.4814	 -0.0790	 -2.6504	  1.0000
  5.0922	  2.4814	 -0.0736	 -2.6620	  1.0000
  0.1191	  2.3570	  0.0328	 -3.0400	  1.0000
  0.2435	  2.3570	  0.0333	 -3.0396	  1.0000
  0.3678	  2.3570	  0.0331	 -3.0370	  1.0000
  0.4921	  2.3570	  0.0386	 -3.0279	  1.0000
  0.6165	  2.3570	  0.0654	 -3.0766	  0.0000
  0.7408	  2.3570	  0.0039	 -3.0922	  0.0000
  0.8651	  2.3570	  0.0633	 -2.9704	  1.0000
  0.9894	  2.3570	  0.0834	 -2.9545	  1.0000
  1.1138	  2.3570	  0.0871	 -2.9286	  1.0000
  1.2381	  2.3570	  0.0584	 -2.9368	  1.0000
  1.3624	  2.3570	  0.0359	 -2.9516	  1.0000
  1.4867	  2.3570	  0.0005	 -2.9637	  1.0000
  1.6111	  2.3570	 -0.0249	 -2.9814	  1.0000
  1.7354	  2.3570	 -0.4508	 -3.2327	  0.0000
  1.8597	  2.3570	 -0.0792	 -3.0186	  1.0000
  1.9840	  2.3570	 -0.0665	 -3.0106	  1.0000
  2.1084	  2.3570	 -0.0078	 -3.1728	  0.0000
  2.2327	  2.3570	 -0.0025	 -3.2357	  0.0000
  2.3570	  2.3570	 -0.0035	 -3.1706	  0.0000
  2.4814	  2.3570	 -0.0706	 -2.9064	  1.0000
  2.6057	  2.3570	 -0.0887	 -2.8579	  1.0000
  2.7300	  2.3570	 -0.1430	 -2.7897	  1.0000
  2.8543	  2.3570	 -0.1983	 -2.7323	  1.0000
  2.9787	  2.3570	 -0.2518	 -2.6810	  1.0000
  3.1030	  2.3570	 -0.1623	 -2.4377	  0.0000
  3.2273	  2.3570	 -0.3525	 -2.4155	  0.0000
  3.3516	  2.3570	 -0.3464	 -2.6481	  1.0000
  3.4760	  2.3570	 -0.3773	 -2.6650	  1.0000
  3.6003	  2.3570	 -0.3690	 -2.7044	  1.0000
  3.7246	  2.3570	 -0.3294	 -2.7050	  1.0000
  3.8489	  2.3570	 -0.3069	 -2.7183	  1.0000
  3.9733	  2.3570	 -0.2762	 -2.7334	  1.0000
  4.0976	  2.3570	 -0.2224	 -2.7079	  1.0000
  4.2219	  2.3570	 -0.1700	 -2.6907	  1.0000
  4.3462	  2.3570	 -0.1322	 -2.6746	  1.0000
  4.4706	  2.3570	 -0.1091	 -2.6506	  1.0000
  4.5949	  2.3570	 -0.1061	 -2.5607	  0.0000
  4.7192	  2.3570	 -0.1546	 -2.5400	  0.0000
  4.8436	  2.3570	 -0.0528	 -2.6279	  1.0000
  4.9679	  2.3570	 -0.0578	 -2.6373	  1.0000
  5.0922	  2.3570	 -0.0518	 -2.6495	  1.0000
  0.1191	  2.2327	  0.0356	 -3.0218	  1.0000
  0.2435	  2.2327	  0.0363	 -3.0202	  1.0000
  0.3678	  2.2327	  0.0372	 -3.0227	  1.0000
  0.4921	  2.2327	  0.0372	 -3.0215	  1.0000
  0.6165	  2.2327	  0.0415	 -3.0061	  1.0000
  0.7408	  2.2327	  0.0519	 -2.9820	  1.0000
  0.8651	  2.2327	  0.0534	 -2.9746	  1.0000
  0.9894	  2.2327	  0.0493	 -2.9707	  1.0000
  1.1138	  2.2327	  0.0490	 -2.9489	  1.0000
  1.2381	  2.2327	  0.0340	 -2.9523	  1.0000
  1.3624	  2.2327	  0.0093	 -2.9709	  1.0000
  1.4867	  2.2327	 -0.0306	 -2.9920	  1.0000
  1.6111	  2.2327	 -0.2877	 -3.1217	  0.0000
  1.7354	  2.2327	 -0.4430	 -3.1806	  0.0000
  1.8597	  2.2327	 -0.0738	 -3.0296	  1.0000
  1.9840	  2.2327	 -0.1139	 -3.0973	  0.0000
  2.1084	  2.2327	 -0.1220	 -3.0553	  0.0000
  2.2327	  2.2327	 -0.0286	 -3.0915	  0.0000
  2.3570	  2.2327	  0.0894	 -3.0772	  0.0000
  2.4814	  2.2327	 -0.0719	 -2.9173	  1.0000
  2.6057	  2.2327	 -0.0937	 -2.8518	  1.0000
  2.7300	  2.2327	 -0.1429	 -2.7769	  1.0000
  2.8543	  2.2327	 -0.1995	 -2.7058	  1.0000
  2.9787	  2.2327	 -0.2519	 -2.6467	  1.0000
  3.1030	  2.2327	 -0.2915	 -2.6254	  1.0000
  3.2273	  2.2327	 -0.4389	 -2.4637	  0.0000
  3.3516	  2.2327	 -0.5155	 -2.4714	  0.0000
  3.4760	  2.2327	 -0.3626	 -2.6052	  1.0000
  3.6003	  2.2327	 -0.3458	 -2.6311	  1.0000
  3.7246	  2.2327	 -0.3308	 -2.6564	  1.0000
  3.8489	  2.2327	 -0.3167	 -2.6551	  1.0000
  3.9733	  2.2327	 -0.2718	 -2.6609	  1.0000
  4.0976	  2.2327	 -0.2153	 -2.6758	  1.0000
  4.2219	  2.2327	 -0.1694	 -2.6722	  1.0000
  4.3462	  2.2327	 -0.1285	 -2.6496	  1.0000
  4.4706	  2.2327	 -0.0970	 -2.6287	  1.0000
  4.5949	  2.2327	 -0.0584	 -2.5306	  0.0000
  4.7192	  2.2327	 -0.0825	 -2.5658	  0.0000
  4.8436	  2.2327	 -0.1023	 -2.6815	  0.0000
  4.9679	  2.2327	 -0.0360	 -2.6049	  1.0000
  5.0922	  2.2327	 -0.0084	 -2.6216	  1.0000
  0.1191	  2.1084	  0.0386	 -3.0009	  1.0000
  0.2435	  2.1084	  0.0391	 -2.9998	  1.0000
  0.3678	  2.1084	  0.0410	 -3.0010	  1.0000
  0.4921	  2.1084	  0.0393	 -3.0004	  1.0000
  0.6165	  2.1084	  0.0396	 -2.9890	  1.0000
  0.7408	  2.1084	  0.0448	 -2.9819	  1.0000
  0.8651	  2.1084	  0.0423	 -2.9780	  1.0000
  0.9894	  2.1084	  0.0667	 -2.7857	  0.0000
  1.1138	  2.1084	  0.0295	 -2.9650	  1.0000
  1.2381	  2.1084	  0.0156	 -2.9697	  1.0000
  1.3624	  2.1084	 -0.0092	 -2.9898	  1.0000
  1.4867	  2.1084	 -0.0683	 -3.0330	  1.0000
  1.6111	  2.1084	 -0.0809	 -3.0266	  1.0000
  1.7354	  2.1084	 -0.0646	 -3.0185	  1.0000
  1.8597	  2.1084	 -0.1086	 -3.0604	  1.0000
  1.9840	  2.1084	 -0.0946	 -3.0535	  1.0000
  2.1084	  2.1084	 -0.0461	 -3.0162	  1.0000
  2.2327	  2.1084	 -0.0766	 -2.9913	  0.0000
  2.3570	  2.1084	  0.1173	 -3.0232	  0.0000
  2.4814	  2.1084	  0.1528	 -2.9620	  0.0000
  2.6057	  2.1084	 -0.1038	 -2.8337	  1.0000
  2.7300	  2.1084	 -0.1689	 -2.7617	  1.0000
  2.8543	  2.1084	 -0.2194	 -2.6930	  1.0000
  2.9787	  2.1084	 -0.2668	 -2.6189	  1.0000
  3.1030	  2.1084	 -0.3248	 -2.5950	  1.0000
  3.2273	  2.1084	 -0.4245	 -2.5033	  0.0000
  3.3516	  2.1084	 -0.3582	 -2.5584	  1.0000
  3.4760	  2.1084	 -0.3680	 -2.5581	  1.0000
  3.6003	  2.1084	 -0.4549	 -2.5669	  0.0000
  3.7246	  2.1084	 -0.4051	 -2.6515	  0.0000
  3.8489	  2.1084	 -0.3099	 -2.6145	  1.0000
  3.9733	  2.1084	 -0.2738	 -2.6223	  1.0000
  4.0976	  2.1084	 -0.2160	 -2.6513	  1.0000
  4.2219	  2.1084	 -0.1780	 -2.6412	  1.0000
  4.3462	  2.1084	 -0.1305	 -2.6152	  1.0000
  4.4706	  2.1084	  0.0397	 -2.6893	  0.0000
  4.5949	  2.1084	 -0.0189	 -2.5683	  0.0000
  4.7192	  2.1084	 -0.0144	 -2.5734	  0.0000
  4.8436	  2.1084	 -0.0004	 -2.6350	  0.0000
  4.9679	  2.1084	  0.0530	 -2.6462	  0.0000
  5.0922	  2.1084	 -0.0120	 -2.5880	  1.0000
  0.1191	  1.9840	  0.0428	 -2.9764	  1.0000
  0.2435	  1.9840	  0.0425	 -2.9765	  1.0000
  0.3678	  1.9840	  0.0422	 -2.9747	  1.0000
  0.4921	  1.9840	  0.0425	 -2.9709	  1.0000
  0.6165	  1.9840	  0.0419	 -2.9682	  1.0000
  0.7408	  1.9840	  0.0408	 -2.9551	  1.0000
  0.8651	  1.9840	  0.0373	 -2.9513	  1.0000
  0.9894	  1.9840	  0.0295	 -2.9614	  1.0000
  1.1138	  1.9840	  0.0215	 -2.9546	  1.0000
  1.2381	  1.9840	  0.0056	 -2.9630	  1.0000
  1.3624	  1.9840	 -0.0222	 -2.9983	  1.0000
  1.4867	  1.9840	 -0.0499	 -3.0179	  1.0000
  1.6111	  1.9840	 -0.0575	 -3.0079	  1.0000
  1.7354	  1.9840	 -0.0677	 -3.0159	  1.0000
  1.8597	  1.9840	 -0.0879	 -3.0237	  1.0000
  1.9840	  1.9840	 -0.0761	 -2.9941	  1.0000
  2.1084	  1.9840	 -0.0427	 -2.9749	  1.0000
  2.2327	  1.9840	 -0.0341	 -2.9469	  1.0000
  2.3570	  1.9840	 -0.0566	 -2.8986	  1.0000
  2.4814	  1.9840	 -0.0654	 -2.8600	  1.0000
  2.6057	  1.9840	 -0.0817	 -2.8080	  1.0000
  2.7300	  1.9840	 -0.1509	 -2.7433	  1.0000
  2.8543	  1.9840	 -0.2172	 -2.6875	  1.0000
  2.9787	  1.9840	 -0.2734	 -2.6156	  1.0000
  3.1030	  1.9840	 -0.3994	 -2.5493	  0.0000
  3.2273	  1.9840	 -0.3335	 -2.5776	  1.0000
  3.3516	  1.9840	 -0.3631	 -2.5498	  1.0000
  3.4760	  1.9840	 -0.3719	 -2.5505	  1.0000
  3.6003	  1.9840	 -0.3395	 -2.5833	  1.0000
  3.7246	  1.9840	 -0.4085	 -2.3616	  0.0000
  3.8489	  1.9840	 -0.3075	 -2.6108	  1.0000
  3.9733	  1.9840	 -0.2868	 -2.5805	  0.0000
  4.0976	  1.9840	 -0.3272	 -2.5706	  0.0000
  4.2219	  1.9840	 -0.1670	 -2.6239	  1.0000
  4.3462	  1.9840	 -0.0470	 -2.7230	  0.0000
  4.4706	  1.9840	  0.0091	 -2.6595	  0.0000
  4.5949	  1.9840	  0.0256	 -2.5613	  0.0000
  4.7192	  1.9840	  0.0377	 -2.5339	  0.0000
  4.8436	  1.9840	  0.0630	 -2.5704	  0.0000
  4.9679	  1.9840	  0.0840	 -2.5674	  0.0000
  5.0922	  1.9840	 -0.0145	 -2.5815	  1.0000
  0.1191	  1.8597	  0.0492	 -2.9480	  1.0000
  0.2435	  1.8597	  0.0473	 -2.9476	  1.0000
  0.3678	  1.8597	  0.0470	 -2.9477	  1.0000
  0.4921	  1.8597	  0.0461	 -2.9470	  1.0000
  0.6165	  1.8597	  0.0427	 -2.9464	  1.0000
  0.7408	  1.8597	  0.0403	 -2.9359	  1.0000
  0.8651	  1.8597	  0.0345	 -2.9387	  1.0000
  0.9894	  1.8597	  0.0240	 -2.9539	  1.0000
  1.1138	  1.8597	  0.0167	 -2.9474	  1.0000
  1.2381	  1.8597	  0.0018	 -2.9600	  1.0000
  1.3624	  1.8597	 -0.0172	 -2.9789	  1.0000
  1.4867	  1.8597	 -0.0304	 -2.9754	  1.0000
  1.6111	  1.8597	  0.0638	 -3.1495	  0.0000
  1.7354	  1.8597	  0.0727	 -3.0996	  0.0000
  1.8597	  1.8597	 -0.0577	 -2.9522	  1.0000
  1.9840	  1.8597	 -0.0607	 -2.9411	  1.0000
  2.1084	  1.8597	 -0.0531	 -2.9179	  1.0000
  2.2327	  1.8597	 -0.0345	 -2.8939	  1.0000
  2.3570	  1.8597	 -0.0497	 -2.8620	  1.0000
  2.4814	  1.8597	 -0.0730	 -2.8205	  1.0000
  2.6057	  1.8597	 -0.0856	 -2.7736	  1.0000
  2.7300	  1.8597	 -0.1248	 -2.7158	  1.0000
  2.8543	  1.8597	 -0.1822	 -2.6627	  1.0000
  2.9787	  1.8597	 -0.4963	 -2.6492	  0.0000
  3.1030	  1.8597	 -0.4719	 -2.5582	  0.0000
  3.2273	  1.8597	 -0.4587	 -2.4558	  0.0000
  3.3516	  1.8597	 -0.3173	 -2.5524	  1.0000
  3.4760	  1.8597	 -0.3333	 -2.5462	  1.0000
  3.6003	  1.8597	 -0.3234	 -2.5649	  1.0000
  3.7246	  1.8597	 -0.3157	 -2.5868	  1.0000
  3.8489	  1.8597	 -0.3148	 -2.5885	  1.0000
  3.9733	  1.8597	 -0.2827	 -2.6005	  1.0000
  4.0976	  1.8597	 -0.3142	 -2.5084	  0.0000
  4.2219	  1.8597	 -0.1644	 -2.6231	  1.0000
  4.3462	  1.8597	 -0.1150	 -2.6142	  1.0000
  4.4706	  1.8597	 -0.0316	 -2.6209	  0.0000
  4.5949	  1.8597	  0.0288	 -2.5582	  0.0000
  4.7192	  1.8597	  0.0180	 -2.5478	  0.0000
  4.8436	  1.8597	  0.0244	 -2.4985	  0.0000
  4.9679	  1.8597	 -0.0187	 -2.5161	  0.0000
  5.0922	  1.8597	 -0.0143	 -2.5084	  0.0000
  0.1191	  1.7354	  0.0546	 -2.9138	  1.0000
  0.2435	  1.7354	  0.0537	 -2.9152	  1.0000
  0.3678	  1.7354	  0.0516	 -2.9146	  1.0000
  0.4921	  1.7354	  0.0489	 -2.9157	  1.0000
  0.6165	  1.7354	  0.0459	 -2.9190	  1.0000
  0.7408	  1.7354	  0.0401	 -2.9238	  1.0000
  0.8651	  1.7354	  0.0331	 -2.9275	  1.0000
  0.9894	  1.7354	  0.0254	 -2.9320	  1.0000
  1.1138	  1.7354	  0.0053	 -2.9617	  1.0000
  1.2381	  1.7354	 -0.0066	 -2.9695	  1.0000
  1.3624	  1.7354	 -0.0019	 -2.9611	  1.0000
  1.4867	  1.7354	 -0.0194	 -2.9887	  1.0000
  1.6111	  1.7354	 -0.0412	 -2.9715	  1.0000
  1.7354	  1.7354	 -0.0389	 -2.9348	  1.0000
  1.8597	  1.7354	 -0.0343	 -2.9309	  1.0000
  1.9840	  1.7354	 -0.0427	 -2.9090	  1.0000
  2.1084	  1.7354	 -0.0517	 -2.8710	  1.0000
  2.2327	  1.7354	 -0.0552	 -2.8443	  1.0000
  2.3570	  1.7354	 -0.0566	 -2.8227	  1.0000
  2.4814	  1.7354	 -0.0673	 -2.7863	  1.0000
  2.6057	  1.7354	 -0.0935	 -2.7352	  1.0000
  2.7300	  1.7354	 -0.1378	 -2.6896	  1.0000
  2.8543	  1.7354	 -0.1712	 -2.6364	  1.0000
  2.9787	  1.7354	 -0.1898	 -2.5879	  1.0000
  3.1030	  1.7354	 -0.2309	 -2.5714	  1.0000
  3.2273	  1.7354	 -0.3851	 -2.4285	  0.0000
  3.3516	  1.7354	 -0.2671	 -2.5438	  1.0000
  3.4760	  1.7354	 -0.2892	 -2.5511	  1.0000
  3.6003	  1.7354	 -0.3056	 -2.5710	  1.0000
  3.7246	  1.7354	 -0.3032	 -2.6010	  1.0000
  3.8489	  1.7354	 -0.3236	 -2.5905	  1.0000
  3.9733	  1.7354	 -0.3115	 -2.5961	  1.0000
  4.0976	  1.7354	 -0.2500	 -2.6276	  1.0000
  4.2219	  1.7354	 -0.2054	 -2.6140	  1.0000
  4.3462	  1.7354	 -0.0536	 -2.5988	  0.0000
  4.4706	  1.7354	 -0.0205	 -2.6227	  0.0000
  4.5949	  1.7354	 -0.0403	 -2.5842	  1.0000
  4.7192	  1.7354	  0.0213	 -2.6192	  0.0000
  4.8436	  1.7354	 -0.0055	 -2.5497	  1.0000
  4.9679	  1.7354	 -0.0304	 -2.5203	  0.0000
  5.0922	  1.7354	 -0.0549	 -2.5140	  0.0000
  0.1191	  1.6111	  0.0644	 -2.8783	  1.0000
  0.2435	  1.6111	  0.0715	 -2.8811	  1.0000
  0.3678	  1.6111	  0.0630	 -2.8797	  1.0000
  0.4921	  1.6111	  0.0549	 -2.8839	  1.0000
  0.6165	  1.6111	  0.0550	 -2.8920	  1.0000
  0.7408	  1.6111	  0.0465	 -2.8980	  1.0000
  0.8651	  1.6111	  0.0352	 -2.9051	  1.0000
  0.9894	  1.6111	  0.0278	 -2.9145	  1.0000
  1.1138	  1.6111	  0.0104	 -2.9410	  1.0000
  1.2381	  1.6111	 -0.0007	 -2.9466	  1.0000
  1.3624	  1.6111	  0.0029	 -2.9395	  1.0000
  1.4867	  1.6111	 -0.0076	 -2.9589	  1.0000
  1.6111	  1.6111	 -0.0213	 -2.9385	  1.0000
  1.7354	  1.6111	 -0.0913	 -2.9175	  0.0000
  1.8597	  1.6111	 -0.0883	 -2.8207	  0.0000
  1.9840	  1.6111	 -0.0637	 -2.7242	  0.0000
  2.1084	  1.6111	 -0.0397	 -2.8431	  1.0000
  2.2327	  1.6111	 -0.0408	 -2.8309	  1.0000
  2.3570	  1.6111	 -0.0485	 -2.7980	  1.0000
  2.4814	  1.6111	 -0.0677	 -2.7484	  1.0000
  2.6057	  1.6111	 -0.0794	 -2.7207	  1.0000
  2.7300	  1.6111	 -0.0989	 -2.6627	  1.0000
  2.8543	  1.6111	 -0.1107	 -2.5900	  1.0000
  2.9787	  1.6111	 -0.1402	 -2.5570	  1.0000
  3.1030	  1.6111	 -0.1732	 -2.5431	  1.0000
  3.2273	  1.6111	 -0.1737	 -2.5285	  1.0000
  3.3516	  1.6111	 -0.2050	 -2.5269	  1.0000
  3.4760	  1.6111	 -0.2403	 -2.5637	  1.0000
  3.6003	  1.6111	 -0.2620	 -2.5951	  1.0000
  3.7246	  1.6111	 -0.3443	 -2.5912	  0.0000
  3.8489	  1.6111	 -0.3094	 -2.6150	  1.0000
  3.9733	  1.6111	 -0.2980	 -2.6191	  1.0000
  4.0976	  1.6111	 -0.2506	 -2.6265	  1.0000
  4.2219	  1.6111	 -0.2169	 -2.6157	  1.0000
  4.3462	  1.6111	 -0.1729	 -2.6003	  1.0000
  4.4706	  1.6111	 -0.0412	 -2.5668	  0.0000
  4.5949	  1.6111	  0.0184	 -2.6040	  0.0000
  4.7192	  1.6111	 -0.0367	 -2.5671	  1.0000
  4.8436	  1.6111	 -0.0280	 -2.5559	  1.0000
  4.9679	  1.6111	  0.0019	 -2.4982	  0.0000
  5.0922	  1.6111	 -0.0302	 -2.5180	  0.0000
  0.1191	  1.4867	  0.0718	 -2.8278	  1.0000
  0.2435	  1.4867	  0.0636	 -2.8225	  1.0000
  0.3678	  1.4867	  0.0708	 -2.8434	  1.0000
  0.4921	  1.4867	  0.0662	 -2.8477	  1.0000
  0.6165	  1.4867	  0.0462	 -2.8436	  1.0000
  0.7408	  1.4867	  0.0437	 -2.8618	  1.0000
  0.8651	  1.4867	  0.0455	 -2.8838	  1.0000
  0.9894	  1.4867	  0.0341	 -2.8949	  1.0000
  1.1138	  1.4867	  0.0282	 -2.8950	  1.0000
  1.2381	  1.4867	  0.0184	 -2.9025	  1.0000
  1.3624	  1.4867	 -0.1562	 -3.2337	  0.0000
  1.4867	  1.4867	 -0.0046	 -2.8919	  1.0000
  1.6111	  1.4867	 -0.0127	 -2.8749	  1.0000
  1.7354	  1.4867	 -0.0205	 -2.8572	  1.0000
  1.8597	  1.4867	 -0.0281	 -2.8385	  1.0000
  1.9840	  1.4867	 -0.0349	 -2.8217	  1.0000
  2.1084	  1.4867	 -0.0397	 -2.7958	  1.0000
  2.2327	  1.4867	 -0.0265	 -2.7981	  1.0000
  2.3570	  1.4867	 -0.0367	 -2.7757	  1.0000
  2.4814	  1.4867	 -0.0723	 -2.7159	  1.0000
  2.6057	  1.4867	 -0.0663	 -2.6975	  1.0000
  2.7300	  1.4867	 -0.0591	 -2.6399	  1.0000
  2.8543	  1.4867	 -0.0805	 -2.5694	  1.0000
  2.9787	  1.4867	 -0.1117	 -2.5471	  1.0000
  3.1030	  1.4867	  0.0746	 -2.3930	  0.0000
  3.2273	  1.4867	 -0.0764	 -2.5251	  0.0000
  3.3516	  1.4867	 -0.1541	 -2.5438	  1.0000
  3.4760	  1.4867	 -0.1900	 -2.5687	  1.0000
  3.6003	  1.4867	 -0.2009	 -2.5959	  1.0000
  3.7246	  1.4867	 -0.3508	 -2.6779	  0.0000
  3.8489	  1.4867	 -0.3631	 -2.7014	  0.0000
  3.9733	  1.4867	 -0.4282	 -2.7306	  0.0000
  4.0976	  1.4867	 -0.4447	 -2.6542	  0.0000
  4.2219	  1.4867	 -0.3852	 -2.5815	  0.0000
  4.3462	  1.4867	 -0.1419	 -2.6128	  1.0000
  4.4706	  1.4867	 -0.1139	 -2.5367	  0.0000
  4.5949	  1.4867	 -0.0884	 -2.5948	  0.0000
  4.7192	  1.4867	 -0.0373	 -2.5747	  1.0000
  4.8436	  1.4867	 -0.0309	 -2.5645	  1.0000
  4.9679	  1.4867	 -0.0290	 -2.5614	  1.0000
  5.0922	  1.4867	 -0.0331	 -2.5026	  0.0000
  0.1191	  1.3624	  0.1454	 -2.7920	  1.0000
  0.2435	  1.3624	  0.0782	 -2.7928	  1.0000
  0.3678	  1.3624	  0.1130	 -2.8100	  1.0000
  0.4921	  1.3624	  0.1089	 -2.8148	  1.0000
  0.6165	  1.3624	  0.0596	 -2.8155	  1.0000
  0.7408	  1.3624	  0.0555	 -2.8338	  1.0000
  0.8651	  1.3624	  0.0579	 -2.8522	  1.0000
  0.9894	  1.3624	  0.0480	 -2.8604	  1.0000
  1.1138	  1.3624	  0.0299	 -2.8829	  1.0000
  1.2381	  1.3624	  0.0211	 -2.8842	  1.0000
  1.3624	  1.3624	  0.0220	 -2.8616	  1.0000
  1.4867	  1.3624	  0.0006	 -2.8708	  1.0000
  1.6111	  1.3624	 -0.0103	 -2.8533	  1.0000
  1.7354	  1.3624	 -0.0053	 -2.8101	  1.0000
  1.8597	  1.3624	 -0.0144	 -2.7979	  1.0000
  1.9840	  1.3624	 -0.0240	 -2.7880	  1.0000
  2.1084	  1.3624	 -0.0318	 -2.7632	  1.0000
  2.2327	  1.3624	 -0.0329	 -2.7535	  1.0000
  2.3570	  1.3624	 -0.0420	 -2.7390	  1.0000
  2.4814	  1.3624	  0.0874	 -2.9482	  0.0000
  2.6057	  1.3624	 -0.0772	 -2.6383	  1.0000
  2.7300	  1.3624	 -0.1022	 -2.5816	  1.0000
  2.8543	  1.3624	 -0.1001	 -2.5552	  1.0000
  2.9787	  1.3624	  0.1987	 -2.2729	  0.0000
  3.1030	  1.3624	  0.2036	 -2.3823	  0.0000
  3.2273	  1.3624	  0.0598	 -2.5431	  0.0000
  3.3516	  1.3624	 -0.0394	 -2.6132	  0.0000
  3.4760	  1.3624	 -0.1641	 -2.5743	  1.0000
  3.6003	  1.3624	 -0.1883	 -2.5999	  1.0000
  3.7246	  1.3624	 -0.2184	 -2.6156	  1.0000
  3.8489	  1.3624	 -0.2475	 -2.6667	  0.0000
  3.9733	  1.3624	 -0.3369	 -2.6701	  0.0000
  4.0976	  1.3624	 -0.3753	 -2.6396	  0.0000
  4.2219	  1.3624	 -0.1909	 -2.6288	  1.0000
  4.3462	  1.3624	 -0.1453	 -2.6069	  1.0000
  4.4706	  1.3624	 -0.1044	 -2.6114	  1.0000
  4.5949	  1.3624	 -0.0661	 -2.5990	  1.0000
  4.7192	  1.3624	 -0.0366	 -2.5744	  1.0000
  4.8436	  1.3624	 -0.0273	 -2.5697	  1.0000
  4.9679	  1.3624	 -0.0324	 -2.5654	  1.0000
  5.0922	  1.3624	 -0.0344	 -2.5546	  1.0000
  0.1191	  1.2381	  0.1802	 -2.7839	  1.0000
  0.2435	  1.2381	  0.1438	 -2.7926	  1.0000
  0.3678	  1.2381	  0.0078	 -2.6128	  0.0000
  0.4921	  1.2381	 -0.1186	 -2.6402	  0.0000
  0.6165	  1.2381	  0.1052	 -2.8095	  1.0000
  0.7408	  1.2381	  0.0885	 -2.8143	  1.0000
  0.8651	  1.2381	  0.0700	 -2.8181	  1.0000
  0.9894	  1.2381	  0.0626	 -2.8247	  1.0000
  1.1138	  1.2381	  0.0451	 -2.8475	  1.0000
  1.2381	  1.2381	  0.0366	 -2.8430	  1.0000
  1.3624	  1.2381	  0.0375	 -2.8148	  1.0000
  1.4867	  1.2381	  0.0226	 -2.8208	  1.0000
  1.6111	  1.2381	  0.0192	 -2.8060	  1.0000
  1.7354	  1.2381	  0.0166	 -2.7750	  1.0000
  1.8597	  1.2381	  0.0051	 -2.7585	  1.0000
  1.9840	  1.2381	 -0.0003	 -2.7469	  1.0000
  2.1084	  1.2381	 -0.0167	 -2.7378	  1.0000
  2.2327	  1.2381	 -0.0327	 -2.7361	  1.0000
  2.3570	  1.2381	 -0.0589	 -2.7120	  1.0000
  2.4814	  1.2381	  0.1034	 -2.8183	  0.0000
  2.6057	  1.2381	 -0.0891	 -2.6245	  1.0000
  2.7300	  1.2381	 -0.1088	 -2.5528	  1.0000
  2.8543	  1.2381	 -0.0786	 -2.5118	  1.0000
  2.9787	  1.2381	 -0.0697	 -2.5027	  1.0000
  3.1030	  1.2381	 -0.0981	 -2.4819	  1.0000
  3.2273	  1.2381	 -0.0809	 -2.4915	  1.0000
  3.3516	  1.2381	  0.0672	 -2.6332	  0.0000
  3.4760	  1.2381	  0.0433	 -2.6741	  0.0000
  3.6003	  1.2381	 -0.1813	 -2.6004	  1.0000
  3.7246	  1.2381	 -0.2128	 -2.6165	  1.0000
  3.8489	  1.2381	 -0.1609	 -2.5578	  0.0000
  3.9733	  1.2381	 -0.2429	 -2.6281	  1.0000
  4.0976	  1.2381	 -0.2100	 -2.6349	  1.0000
  4.2219	  1.2381	 -0.1766	 -2.6241	  1.0000
  4.3462	  1.2381	 -0.1858	 -2.6839	  0.0000
  4.4706	  1.2381	 -0.0879	 -2.6064	  1.0000
  4.5949	  1.2381	 -0.0519	 -2.5988	  1.0000
  4.7192	  1.2381	 -0.0365	 -2.5773	  1.0000
  4.8436	  1.2381	 -0.0372	 -2.5708	  1.0000
  4.9679	  1.2381	 -0.0441	 -2.5724	  1.0000
  5.0922	  1.2381	 -0.0423	 -2.5658	  1.0000
  0.1191	  1.1138	  0.1809	 -2.7520	  1.0000
  0.2435	  1.1138	  0.5860	 -2.7223	  0.0000
  0.3678	  1.1138	  0.1627	 -2.7668	  1.0000
  0.4921	  1.1138	  0.1458	 -2.7705	  1.0000
  0.6165	  1.1138	  0.1088	 -2.7673	  1.0000
  0.7408	  1.1138	  0.0980	 -2.7806	  1.0000
  0.8651	  1.1138	  0.0921	 -2.7925	  1.0000
  0.9894	  1.1138	  0.0793	 -2.7941	  1.0000
  1.1138	  1.1138	  0.0709	 -2.7895	  1.0000
  1.2381	  1.1138	  0.0621	 -2.7824	  1.0000
  1.3624	  1.1138	  0.0510	 -2.7757	  1.0000
  1.4867	  1.1138	  0.0517	 -2.7563	  1.0000
  1.6111	  1.1138	  0.0491	 -2.7449	  1.0000
  1.7354	  1.1138	  0.0315	 -2.7400	  1.0000
  1.8597	  1.1138	  0.0233	 -2.7193	  1.0000
  1.9840	  1.1138	  0.0129	 -2.7130	  1.0000
  2.1084	  1.1138	 -0.0125	 -2.7076	  1.0000
  2.2327	  1.1138	 -0.0189	 -2.7128	  1.0000
  2.3570	  1.1138	 -0.0668	 -2.6878	  1.0000
  2.4814	  1.1138	 -0.0814	 -2.6984	  0.0000
  2.6057	  1.1138	 -0.0895	 -2.6281	  1.0000
  2.7300	  1.1138	 -0.0951	 -2.5802	  1.0000
  2.8543	  1.1138	 -0.2736	 -2.1468	  0.0000
  2.9787	  1.1138	 -0.3267	 -2.2268	  0.0000
  3.1030	  1.1138	 -0.0689	 -2.5206	  1.0000
  3.2273	  1.1138	 -0.0554	 -2.5222	  1.0000
  3.3516	  1.1138	 -0.0920	 -2.5399	  1.0000
  3.4760	  1.1138	 -0.1184	 -2.5737	  1.0000
  3.6003	  1.1138	 -0.1323	 -2.5969	  1.0000
  3.7246	  1.1138	 -0.1708	 -2.6025	  1.0000
  3.8489	  1.1138	 -0.2112	 -2.6115	  1.0000
  3.9733	  1.1138	 -0.1992	 -2.6174	  1.0000
  4.0976	  1.1138	 -0.1704	 -2.6132	  1.0000
  4.2219	  1.1138	 -0.1596	 -2.6067	  1.0000
  4.3462	  1.1138	 -0.0646	 -2.6711	  0.0000
  4.4706	  1.1138	 -0.0015	 -2.6582	  0.0000
  4.5949	  1.1138	  0.0558	 -2.5879	  0.0000
  4.7192	  1.1138	  0.0091	 -2.6815	  0.0000
  4.8436	  1.1138	 -0.0506	 -2.5553	  1.0000
  4.9679	  1.1138	 -0.0576	 -2.5582	  1.0000
  5.0922	  1.1138	 -0.0353	 -2.5518	  1.0000
  0.1191	  0.9894	  0.2633	 -2.7388	  1.0000
  0.2435	  0.9894	  0.1640	 -2.7389	  1.0000
  0.3678	  0.9894	  0.2123	 -2.7549	  1.0000
  0.4921	  0.9894	  0.2020	 -2.7552	  1.0000
  0.6165	  0.9894	  0.1311	 -2.7487	  1.0000
  0.7408	  0.9894	  0.1191	 -2.7587	  1.0000
  0.8651	  0.9894	  0.1144	 -2.7658	  1.0000
  0.9894	  0.9894	  0.1011	 -2.7617	  1.0000
  1.1138	  0.9894	  0.0904	 -2.7407	  1.0000
  1.2381	  0.9894	  0.0762	 -2.7299	  1.0000
  1.3624	  0.9894	  0.0748	 -2.7297	  1.0000
  1.4867	  0.9894	  0.0816	 -2.7004	  1.0000
  1.6111	  0.9894	  0.0620	 -2.6957	  1.0000
  1.7354	  0.9894	  0.1097	 -2.6239	  0.0000
  1.8597	  0.9894	  0.0972	 -2.6646	  0.0000
  1.9840	  0.9894	  0.0224	 -2.6499	  0.0000
  2.1084	  0.9894	 -0.0092	 -2.6809	  1.0000
  2.2327	  0.9894	 -0.0233	 -2.6744	  1.0000
  2.3570	  0.9894	 -0.0711	 -2.6593	  1.0000
  2.4814	  0.9894	 -0.1205	 -2.6227	  1.0000
  2.6057	  0.9894	 -0.3251	 -2.5469	  0.0000
  2.7300	  0.9894	 -0.1468	 -2.5401	  1.0000
  2.8543	  0.9894	 -0.1629	 -2.5268	  1.0000
  2.9787	  0.9894	 -0.1383	 -2.5013	  1.0000
  3.1030	  0.9894	 -0.1265	 -2.4888	  1.0000
  3.2273	  0.9894	 -0.1057	 -2.5260	  1.0000
  3.3516	  0.9894	 -0.1115	 -2.5500	  1.0000
  3.4760	  0.9894	 -0.1289	 -2.5662	  1.0000
  3.6003	  0.9894	 -0.1323	 -2.5854	  1.0000
  3.7246	  0.9894	 -0.1552	 -2.5955	  1.0000
  3.8489	  0.9894	 -0.1844	 -2.6051	  1.0000
  3.9733	  0.9894	 -0.1787	 -2.6003	  1.0000
  4.0976	  0.9894	 -0.1541	 -2.5952	  1.0000
  4.2219	  0.9894	 -0.1038	 -2.6547	  0.0000
  4.3462	  0.9894	 -0.0195	 -2.5921	  0.0000
  4.4706	  0.9894	  0.0530	 -2.5760	  0.0000
  4.5949	  0.9894	  0.0203	 -2.5463	  0.0000
  4.7192	  0.9894	 -0.0527	 -2.5897	  0.0000
  4.8436	  0.9894	 -0.0659	 -2.6057	  0.0000
  4.9679	  0.9894	 -0.0445	 -2.5462	  1.0000
  5.0922	  0.9894	 -0.1338	 -2.5445	  0.0000
  0.1191	  0.8651	  0.2601	 -2.7512	  1.0000
  0.2435	  0.8651	  0.5084	 -2.7436	  0.0000
  0.3678	  0.8651	  0.2293	 -2.7512	  1.0000
  0.4921	  0.8651	  0.2126	 -2.7512	  1.0000
  0.6165	  0.8651	  0.1820	 -2.7530	  1.0000
  0.7408	  0.8651	  0.1573	 -2.7481	  1.0000
  0.8651	  0.8651	  0.1365	 -2.7393	  1.0000
  0.9894	  0.8651	  0.1202	 -2.7236	  1.0000
  1.1138	  0.8651	  0.1020	 -2.7021	  1.0000
  1.2381	  0.8651	  0.0899	 -2.6937	  1.0000
  1.3624	  0.8651	  0.0838	 -2.6818	  1.0000
  1.4867	  0.8651	  0.0864	 -2.6543	  1.0000
  1.6111	  0.8651	  0.0755	 -2.6524	  1.0000
  1.7354	  0.8651	  0.1256	 -2.6207	  0.0000
  1.8597	  0.8651	  0.0468	 -2.7189	  0.0000
  1.9840	  0.8651	  0.0376	 -2.6482	  1.0000
  2.1084	  0.8651	  0.0048	 -2.6461	  1.0000
  2.2327	  0.8651	 -0.0310	 -2.6393	  1.0000
  2.3570	  0.8651	 -0.0760	 -2.6268	  1.0000
  2.4814	  0.8651	 -0.1030	 -2.6070	  1.0000
  2.6057	  0.8651	 -0.3684	 -2.5585	  0.0000
  2.7300	  0.8651	 -0.2958	 -2.5133	  0.0000
  2.8543	  0.8651	 -0.1547	 -2.5278	  1.0000
  2.9787	  0.8651	 -0.1226	 -2.5175	  1.0000
  3.1030	  0.8651	 -0.1376	 -2.4897	  1.0000
  3.2273	  0.8651	 -0.1385	 -2.5086	  1.0000
  3.3516	  0.8651	 -0.1250	 -2.5466	  1.0000
  3.4760	  0.8651	 -0.1365	 -2.5586	  1.0000
  3.6003	  0.8651	 -0.1592	 -2.5674	  1.0000
  3.7246	  0.8651	 -0.1722	 -2.5852	  1.0000
  3.8489	  0.8651	 -0.1701	 -2.5918	  1.0000
  3.9733	  0.8651	 -0.1644	 -2.5930	  1.0000
  4.0976	  0.8651	 -0.2964	 -2.6574	  0.0000
  4.2219	  0.8651	 -0.1583	 -2.6094	  0.0000
  4.3462	  0.8651	 -0.0610	 -2.4990	  0.0000
  4.4706	  0.8651	 -0.0438	 -2.5129	  0.0000
  4.5949	  0.8651	 -0.0935	 -2.4998	  0.0000
  4.7192	  0.8651	 -0.1276	 -2.4996	  0.0000
  4.8436	  0.8651	 -0.0471	 -2.4894	  0.0000
  4.9679	  0.8651	  0.0162	 -2.4947	  0.0000
  5.0922	  0.8651	 -0.0497	 -2.5566	  0.0000
  0.1191	  0.7408	  0.2601	 -2.7509	  1.0000
  0.2435	  0.7408	  0.2378	 -2.7514	  1.0000
  0.3678	  0.7408	  0.2418	 -2.7485	  1.0000
  0.4921	  0.7408	  0.2271	 -2.7463	  1.0000
  0.6165	  0.7408	  0.2028	 -2.7426	  1.0000
  0.7408	  0.7408	  0.1964	 -2.7294	  1.0000
  0.8651	  0.7408	  0.1775	 -2.7160	  1.0000
  0.9894	  0.7408	  0.1273	 -2.6978	  1.0000
  1.1138	  0.7408	  0.1068	 -2.6795	  1.0000
  1.2381	  0.7408	  0.1073	 -2.6680	  1.0000
  1.3624	  0.7408	  0.1274	 -2.4507	  0.0000
  1.4867	  0.7408	  0.0561	 -2.6367	  1.0000
  1.6111	  0.7408	  0.2245	 -2.5725	  0.0000
  1.7354	  0.7408	  0.1734	 -2.5702	  0.0000
  1.8597	  0.7408	  0.0571	 -2.6265	  1.0000
  1.9840	  0.7408	  0.0444	 -2.6267	  1.0000
  2.1084	  0.7408	  0.0168	 -2.6239	  1.0000
  2.2327	  0.7408	 -0.0163	 -2.6122	  1.0000
  2.3570	  0.7408	 -0.0697	 -2.5981	  1.0000
  2.4814	  0.7408	 -0.1036	 -2.5804	  1.0000
  2.6057	  0.7408	 -0.2964	 -2.6085	  0.0000
  2.7300	  0.7408	 -0.2122	 -2.5664	  0.0000
  2.8543	  0.7408	 -0.1753	 -2.5529	  0.0000
  2.9787	  0.7408	 -0.1185	 -2.5292	  1.0000
  3.1030	  0.7408	 -0.1081	 -2.5271	  1.0000
  3.2273	  0.7408	 -0.1302	 -2.5269	  1.0000
  3.3516	  0.7408	 -0.1486	 -2.5352	  1.0000
  3.4760	  0.7408	 -0.1307	 -2.5575	  0.0000
  3.6003	  0.7408	 -0.1501	 -2.6026	  0.0000
  3.7246	  0.7408	 -0.1804	 -2.5830	  1.0000
  3.8489	  0.7408	 -0.1978	 -2.5986	  1.0000
  3.9733	  0.7408	 -0.1720	 -2.5988	  0.0000
  4.0976	  0.7408	 -0.1359	 -2.5845	  0.0000
  4.2219	  0.7408	 -0.0757	 -2.5275	  0.0000
  4.3462	  0.7408	 -0.0661	 -2.5042	  0.0000
  4.4706	  0.7408	 -0.1341	 -2.5417	  0.0000
  4.5949	  0.7408	 -0.1766	 -2.4673	  0.0000
  4.7192	  0.7408	 -0.1007	 -2.4053	  0.0000
  4.8436	  0.7408	  0.0098	 -2.5258	  1.0000
  4.9679	  0.7408	  0.0083	 -2.5415	  1.0000
  5.0922	  0.7408	 -0.0254	 -2.5755	  0.0000
  0.1191	  0.6165	  0.2737	 -2.7503	  1.0000
  0.2435	  0.6165	  0.2404	 -2.7498	  1.0000
  0.3678	  0.6165	  0.2526	 -2.7473	  1.0000
  0.4921	  0.6165	  0.2440	 -2.7417	  1.0000
  0.6165	  0.6165	  0.2325	 -2.7352	  1.0000
  0.7408	  0.6165	  0.2452	 -2.7214	  1.0000
  0.8651	  0.6165	  0.2066	 -2.7022	  1.0000
  0.9894	  0.6165	  0.1476	 -2.6854	  1.0000
  1.1138	  0.6165	  0.1472	 -2.6553	  1.0000
  1.2381	  0.6165	  0.0273	 -2.5326	  0.0000
  1.3624	  0.6165	  0.0707	 -2.6248	  1.0000
  1.4867	  0.6165	  0.0634	 -2.5998	  1.0000
  1.6111	  0.6165	  0.0699	 -2.6088	  1.0000
  1.7354	  0.6165	  0.0687	 -2.6113	  1.0000
  1.8597	  0.6165	  0.0747	 -2.5986	  1.0000
  1.9840	  0.6165	  0.0547	 -2.6084	  1.0000
  2.1084	  0.6165	  0.0267	 -2.6049	  1.0000
  2.2327	  0.6165	  0.0075	 -2.5900	  1.0000
  2.3570	  0.6165	 -0.0461	 -2.5846	  1.0000
  2.4814	  0.6165	 -0.0894	 -2.5713	  1.0000
  2.6057	  0.6165	 -0.0766	 -2.5575	  1.0000
  2.7300	  0.6165	 -0.0986	 -2.5584	  1.0000
  2.8543	  0.6165	  0.0439	 -2.6176	  0.0000
  2.9787	  0.6165	 -0.1281	 -2.5296	  1.0000
  3.1030	  0.6165	 -0.1188	 -2.5330	  1.0000
  3.2273	  0.6165	 -0.1268	 -2.5448	  1.0000
  3.3516	  0.6165	 -0.1521	 -2.4580	  0.0000
  3.4760	  0.6165	 -0.2004	 -2.4999	  0.0000
  3.6003	  0.6165	 -0.1661	 -2.5739	  1.0000
  3.7246	  0.6165	 -0.1745	 -2.5942	  1.0000
  3.8489	  0.6165	 -0.1909	 -2.6080	  1.0000
  3.9733	  0.6165	 -0.2611	 -2.5673	  0.0000
  4.0976	  0.6165	 -0.1889	 -2.5576	  0.0000
  4.2219	  0.6165	 -0.1768	 -2.5497	  0.0000
  4.3462	  0.6165	 -0.1191	 -2.5669	  1.0000
  4.4706	  0.6165	 -0.0644	 -2.5322	  1.0000
  4.5949	  0.6165	 -0.0284	 -2.5376	  1.0000
  4.7192	  0.6165	  0.1049	 -2.3996	  0.0000
  4.8436	  0.6165	  0.0436	 -2.5456	  1.0000
  4.9679	  0.6165	  0.0478	 -2.5584	  1.0000
  5.0922	  0.6165	  0.0700	 -2.5708	  1.0000
  0.1191	  0.4921	  0.2439	 -2.7491	  1.0000
  0.2435	  0.4921	  0.2480	 -2.7471	  1.0000
  0.3678	  0.4921	  0.2437	 -2.7445	  1.0000
  0.4921	  0.4921	  0.2417	 -2.7371	  1.0000
  0.6165	  0.4921	  0.2531	 -2.7276	  1.0000
  0.7408	  0.4921	  0.2454	 -2.7168	  1.0000
  0.8651	  0.4921	  0.2090	 -2.6975	  1.0000
  0.9894	  0.4921	  0.4295	 -2.6062	  0.0000
  1.1138	  0.4921	  0.1536	 -2.6397	  1.0000
  1.2381	  0.4921	 -0.0713	 -2.5962	  0.0000
  1.3624	  0.4921	 -0.0996	 -2.5862	  0.0000
  1.4867	  0.4921	  0.0706	 -2.5840	  1.0000
  1.6111	  0.4921	  0.0721	 -2.5956	  1.0000
  1.7354	  0.4921	  0.0653	 -2.5965	  1.0000
  1.8597	  0.4921	  0.0747	 -2.5894	  1.0000
  1.9840	  0.4921	  0.0772	 -2.5873	  1.0000
  2.1084	  0.4921	  0.0545	 -2.5814	  1.0000
  2.2327	  0.4921	  0.0218	 -2.5758	  1.0000
  2.3570	  0.4921	  0.0067	 -2.5568	  1.0000
  2.4814	  0.4921	 -0.0262	 -2.5492	  1.0000
  2.6057	  0.4921	 -0.0534	 -2.5557	  1.0000
  2.7300	  0.4921	 -0.0790	 -2.5424	  1.0000
  2.8543	  0.4921	  0.1200	 -2.5779	  0.0000
  2.9787	  0.4921	  0.0047	 -2.6089	  0.0000
  3.1030	  0.4921	 -0.1190	 -2.5454	  1.0000
  3.2273	  0.4921	 -0.2484	 -2.4260	  0.0000
  3.3516	  0.4921	 -0.1836	 -2.4659	  0.0000
  3.4760	  0.4921	 -0.1589	 -2.5701	  1.0000
  3.6003	  0.4921	 -0.1744	 -2.5791	  1.0000
  3.7246	  0.4921	 -0.1753	 -2.5952	  1.0000
  3.8489	  0.4921	 -0.1737	 -2.6018	  1.0000
  3.9733	  0.4921	 -0.3061	 -2.6597	  0.0000
  4.0976	  0.4921	 -0.3058	 -2.6712	  0.0000
  4.2219	  0.4921	 -0.1261	 -2.5858	  1.0000
  4.3462	  0.4921	 -0.1042	 -2.5817	  1.0000
  4.4706	  0.4921	 -0.0653	 -2.5638	  1.0000
  4.5949	  0.4921	  0.0591	 -2.3827	  0.0000
  4.7192	  0.4921	  0.1695	 -2.4780	  0.0000
  4.8436	  0.4921	  0.0692	 -2.5922	  1.0000
  4.9679	  0.4921	  0.0809	 -2.5824	  1.0000
  5.0922	  0.4921	  0.1186	 -2.6262	  1.0000
  0.1191	  0.3678	  0.2459	 -2.7467	  1.0000
  0.2435	  0.3678	  0.2486	 -2.7443	  1.0000
  0.3678	  0.3678	  0.2501	 -2.7411	  1.0000
  0.4921	  0.3678	  0.2548	 -2.7342	  1.0000
  0.6165	  0.3678	  0.2480	 -2.7227	  1.0000
  0.7408	  0.3678	  0.2424	 -2.7031	  1.0000
  0.8651	  0.3678	  0.4794	 -2.7150	  0.0000
  0.9894	  0.3678	  0.4395	 -2.7029	  0.0000
  1.1138	  0.3678	  0.1129	 -2.6155	  0.0000
  1.2381	  0.3678	 -0.0755	 -2.5892	  0.0000
  1.3624	  0.3678	  0.0770	 -2.6161	  1.0000
  1.4867	  0.3678	  0.0460	 -2.6095	  1.0000
  1.6111	  0.3678	 -0.0236	 -2.5021	  0.0000
  1.7354	  0.3678	  0.0641	 -2.6004	  1.0000
  1.8597	  0.3678	  0.0679	 -2.5912	  1.0000
  1.9840	  0.3678	  0.0892	 -2.5767	  1.0000
  2.1084	  0.3678	  0.0977	 -2.5674	  1.0000
  2.2327	  0.3678	  0.0561	 -2.5635	  1.0000
  2.3570	  0.3678	  0.0449	 -2.5312	  1.0000
  2.4814	  0.3678	  0.0277	 -2.5248	  1.0000
  2.6057	  0.3678	 -0.0157	 -2.5527	  1.0000
  2.7300	  0.3678	 -0.0434	 -2.5336	  1.0000
  2.8543	  0.3678	 -0.0848	 -2.5267	  1.0000
  2.9787	  0.3678	 -0.1063	 -2.5543	  1.0000
  3.1030	  0.3678	 -0.1106	 -2.5560	  1.0000
  3.2273	  0.3678	 -0.1311	 -2.5524	  1.0000
  3.3516	  0.3678	 -0.1577	 -2.5699	  1.0000
  3.4760	  0.3678	 -0.1693	 -2.5844	  1.0000
  3.6003	  0.3678	 -0.1639	 -2.5940	  1.0000
  3.7246	  0.3678	 -0.1822	 -2.6126	  1.0000
  3.8489	  0.3678	 -0.1961	 -2.6256	  1.0000
  3.9733	  0.3678	 -0.1680	 -2.6233	  1.0000
  4.0976	  0.3678	 -0.1473	 -2.6211	  1.0000
  4.2219	  0.3678	 -0.1628	 -2.7229	  0.0000
  4.3462	  0.3678	 -0.1037	 -2.5955	  1.0000
  4.4706	  0.3678	 -0.0339	 -2.5869	  1.0000
  4.5949	  0.3678	 -0.0100	 -2.5356	  0.0000
  4.7192	  0.3678	  0.1075	 -2.6216	  0.0000
  4.8436	  0.3678	  0.0762	 -2.6046	  1.0000
  4.9679	  0.3678	  0.3469	 -2.7360	  0.0000
  5.0922	  0.3678	  0.3739	 -2.7268	  0.0000
  0.1191	  0.2435	  0.2474	 -2.7445	  1.0000
  0.2435	  0.2435	  0.2472	 -2.7421	  1.0000
  0.3678	  0.2435	  0.2508	 -2.7385	  1.0000
  0.4921	  0.2435	  0.2542	 -2.7311	  1.0000
  0.6165	  0.2435	  0.2670	 -2.7223	  1.0000
  0.7408	  0.2435	  0.2935	 -2.7038	  1.0000
  0.8651	  0.2435	  0.2563	 -2.6810	  1.0000
  0.9894	  0.2435	  0.1796	 -2.6630	  1.0000
  1.1138	  0.2435	  0.1689	 -2.6563	  1.0000
  1.2381	  0.2435	  0.0566	 -2.5733	  0.0000
  1.3624	  0.2435	  0.0571	 -2.6099	  1.0000
  1.4867	  0.2435	  0.0268	 -2.6073	  1.0000
  1.6111	  0.2435	  0.0474	 -2.6186	  1.0000
  1.7354	  0.2435	  0.0601	 -2.5907	  1.0000
  1.8597	  0.2435	  0.0670	 -2.5766	  1.0000
  1.9840	  0.2435	  0.0827	 -2.5760	  1.0000
  2.1084	  0.2435	  0.1018	 -2.5641	  1.0000
  2.2327	  0.2435	  0.3158	 -2.4972	  0.0000
  2.3570	  0.2435	  0.0452	 -2.5363	  1.0000
  2.4814	  0.2435	  0.0293	 -2.5301	  1.0000
  2.6057	  0.2435	  0.0281	 -2.3552	  0.0000
  2.7300	  0.2435	 -0.0403	 -2.5374	  1.0000
  2.8543	  0.2435	 -0.0804	 -2.5370	  1.0000
  2.9787	  0.2435	 -0.1172	 -2.5485	  1.0000
  3.1030	  0.2435	 -0.1165	 -2.5600	  1.0000
  3.2273	  0.2435	 -0.1268	 -2.5664	  1.0000
  3.3516	  0.2435	 -0.1633	 -2.5765	  1.0000
  3.4760	  0.2435	 -0.1240	 -2.6012	  0.0000
  3.6003	  0.2435	 -0.1583	 -2.6081	  1.0000
  3.7246	  0.2435	 -0.2298	 -2.6237	  0.0000
  3.8489	  0.2435	 -0.1933	 -2.6377	  1.0000
  3.9733	  0.2435	 -0.1629	 -2.6429	  1.0000
  4.0976	  0.2435	 -0.1376	 -2.6415	  1.0000
  4.2219	  0.2435	 -0.1298	 -2.6285	  1.0000
  4.3462	  0.2435	 -0.1019	 -2.6063	  1.0000
  4.4706	  0.2435	 -0.0213	 -2.6022	  1.0000
  4.5949	  0.2435	 -0.0431	 -2.6705	  0.0000
  4.7192	  0.2435	  0.0385	 -2.6812	  0.0000
  4.8436	  0.2435	  0.1475	 -2.6914	  0.0000
  4.9679	  0.2435	  0.2687	 -2.8059	  0.0000
  5.0922	  0.2435	  0.1249	 -2.6409	  1.0000
  0.1191	  0.1191	  0.2492	 -2.7415	  1.0000
  0.2435	  0.1191	  0.2505	 -2.7394	  1.0000
  0.3678	  0.1191	  0.2516	 -2.7360	  1.0000
  0.4921	  0.1191	  0.2560	 -2.7272	  1.0000
  0.6165	  0.1191	  0.2852	 -2.7185	  1.0000
  0.7408	  0.1191	  0.2973	 -2.7090	  1.0000
  0.8651	  0.1191	  0.2440	 -2.6862	  1.0000
  0.9894	  0.1191	  0.1918	 -2.6546	  1.0000
  1.1138	  0.1191	  0.1837	 -2.6438	  1.0000
  1.2381	  0.1191	  0.1385	 -2.6351	  1.0000
  1.3624	  0.1191	  0.0676	 -2.7849	  0.0000
  1.4867	  0.1191	  0.0211	 -2.7056	  0.0000
  1.6111	  0.1191	  0.0582	 -2.6002	  1.0000
  1.7354	  0.1191	  0.0504	 -2.5822	  1.0000
  1.8597	  0.1191	  0.0649	 -2.5745	  1.0000
  1.9840	  0.1191	  0.1038	 -2.5689	  1.0000
  2.1084	  0.1191	  0.0961	 -2.5561	  1.0000
  2.2327	  0.1191	  0.2805	 -2.5309	  0.0000
  2.3570	  0.1191	  0.3344	 -2.5211	  0.0000
  2.4814	  0.1191	  0.0488	 -2.5134	  1.0000
  2.6057	  0.1191	 -0.0448	 -2.3637	  0.0000
  2.7300	  0.1191	 -0.1569	 -2.5333	  0.0000
  2.8543	  0.1191	 -0.2613	 -2.5746	  0.0000
  2.9787	  0.1191	 -0.0917	 -2.5462	  1.0000
  3.1030	  0.1191	 -0.1491	 -2.5520	  0.0000
  3.2273	  0.1191	 -0.1423	 -2.6616	  0.0000
  3.3516	  0.1191	 -0.1155	 -2.6550	  0.0000
  3.4760	  0.1191	 -0.1641	 -2.5879	  1.0000
  3.6003	  0.1191	 -0.2285	 -2.7092	  0.0000
  3.7246	  0.1191	 -0.1431	 -2.7119	  0.0000
  3.8489	  0.1191	 -0.0800	 -2.7161	  0.0000
  3.9733	  0.1191	 -0.1723	 -2.6392	  1.0000
  4.0976	  0.1191	 -0.1523	 -2.6353	  1.0000
  4.2219	  0.1191	 -0.1096	 -2.6150	  1.0000
  4.3462	  0.1191	  0.0516	 -2.7310	  0.0000
  4.4706	  0.1191	 -0.0507	 -2.6328	  1.0000
  4.5949	  0.1191	 -0.1183	 -2.7221	  0.0000
  4.7192	  0.1191	  0.0914	 -2.6541	  1.0000
  4.8436	  0.1191	  0.1509	 -2.6773	  1.0000
  4.9679	  0.1191	  0.0255	 -2.6529	  0.0000
  5.0922	  0.1191	  0.2098	 -2.7095	  1.0000
