3 15
3 19
4 23
4 26
6 29
7 33
7 39
8 42
8 47
9 51
11 55
12 60
12 66
13 73
14 82
16 93
17 103
18 113
19 123
21 135
23 147
23 158
25 169
25 176
25 185
26 194
26 202
26 210
27 218
27 227
27 235
29 241
29 247
30 257
29 263
29 270
29 277
30 284
31 293
32 308
39 359
44 406
45 422
46 435
47 454
48 473
47 490
46 496
46 505
44 508
43 512
44 515
45 519
45 526
44 532
44 548
45 566
44 582
43 595
43 608
41 639
40 655
40 664
217 664
226 608
235 542
236 512
238 475
239 438
243 377
247 336
248 311
249 302
249 15
