1 15
1 44
0 276
2 290
3 307
6 327
8 342
10 356
13 373
16 389
17 405
19 423
21 442
22 462
24 482
25 503
25 530
25 550
25 567
26 586
28 604
31 628
33 652
37 664
202 664
205 647
203 635
204 627
204 621
207 616
208 605
208 593
210 577
211 562
212 552
212 542
212 527
213 511
213 496
213 489
214 480
214 470
215 436
214 427
214 416
214 404
214 396
214 383
214 376
214 367
215 356
215 341
216 334
217 323
218 313
218 304
218 301
217 299
219 296
219 293
220 283
221 275
221 260
221 247
222 234
222 224
220 220
222 214
222 208
221 203
220 192
218 177
218 163
218 147
218 132
218 122
218 109
218 97
219 83
220 68
220 54
220 42
220 34
220 24
219 17
218 16
