19 15
19 29
19 39
19 51
20 66
21 89
22 104
23 122
23 136
24 161
23 176
23 198
23 216
23 227
22 242
23 264
22 275
22 286
22 297
23 314
24 329
25 349
26 364
26 381
25 394
27 404
28 411
26 423
26 434
27 445
27 456
27 466
26 473
26 482
26 497
28 511
28 523
28 532
30 552
32 566
33 581
36 599
37 614
39 635
39 651
41 661
43 664
226 664
226 645
226 626
226 609
226 587
228 531
229 525
229 514
229 493
230 460
232 437
233 421
234 404
236 386
237 364
237 338
239 325
240 305
243 286
246 265
246 256
247 246
248 238
249 229
249 14
