28 13
21 48
17 77
14 118
13 156
11 187
11 203
10 215
10 225
11 231
12 237
13 243
12 248
11 253
11 284
14 316
16 345
18 374
19 398
20 430
22 469
22 506
23 536
25 569
27 598
28 624
31 644
33 656
34 664
211 664
210 647
209 635
208 598
209 584
209 577
209 568
210 561
210 547
209 536
208 524
209 517
212 510
214 506
211 499
211 494
212 472
218 408
222 361
225 338
226 327
228 317
230 300
231 281
232 268
234 254
238 227
240 202
242 180
244 158
244 150
246 112
248 86
248 78
248 75
249 73
249 60
249 57
249 14
