33 13
29 34
23 75
20 109
18 140
15 177
14 200
13 216
14 231
14 238
15 240
16 243
14 247
14 253
13 276
14 290
16 314
18 343
20 368
21 398
22 429
23 460
24 493
24 522
24 552
24 578
25 601
26 618
27 634
28 649
30 657
32 664
33 664
206 664
207 643
206 622
207 596
207 592
208 588
209 576
209 563
209 549
208 537
208 527
209 523
210 517
213 513
215 509
213 505
211 502
212 496
214 458
217 429
220 395
225 359
230 322
233 294
235 284
236 274
236 269
238 259
240 243
242 240
242 235
243 220
246 186
249 128
249 117
249 15
