12 39
11 54
12 62
11 82
9 92
8 103
9 116
9 125
8 136
7 156
6 180
4 208
3 212
4 218
1 223
0 231
0 299
3 311
2 312
3 316
4 321
9 362
10 403
12 436
14 468
15 489
17 506
17 525
17 544
19 562
20 572
22 598
26 625
27 636
29 650
32 664
222 664
222 658
222 655
222 652
221 645
220 640
220 635
220 625
220 615
220 611
221 608
218 580
219 558
220 533
219 529
220 517
221 511
222 494
223 487
223 480
224 475
223 471
226 446
226 442
227 440
228 430
229 424
229 415
231 405
231 395
233 375
235 364
239 328
244 307
247 293
249 283
249 259
249 37
108 34
23 32
21 35
18 38
