6 39
6 71
8 79
7 84
6 92
6 97
4 107
5 123
7 132
8 141
8 158
6 164
7 169
9 185
8 191
9 202
10 215
10 219
10 226
11 228
10 230
7 250
7 273
8 295
9 316
15 345
16 390
19 439
22 492
24 497
22 501
22 514
23 518
22 521
22 530
23 536
23 559
24 580
26 583
30 635
32 652
32 663
34 664
228 664
229 654
229 643
229 630
229 617
229 613
228 601
227 564
227 551
228 547
229 542
229 519
229 516
228 496
229 491
229 489
231 446
232 418
234 393
236 379
239 354
242 331
244 311
245 303
246 296
248 293
248 288
249 279
249 272
249 37
111 34
51 33
22 33
19 37
13 39
