20 30
18 34
17 36
16 40
16 49
16 59
15 68
16 83
17 110
20 127
22 149
25 173
27 192
29 216
31 239
31 265
32 286
32 301
34 320
34 336
36 367
37 380
37 402
40 430
41 456
42 469
42 477
42 484
42 491
41 501
40 510
37 529
35 554
33 581
31 630
30 646
30 664
218 664
218 656
219 644
222 617
228 569
230 543
228 524
229 514
229 506
229 500
229 498
228 497
228 495
229 493
230 490
230 487
230 476
230 462
230 451
230 441
231 429
233 413
235 397
237 380
238 364
239 347
240 331
240 315
240 283
239 267
238 248
232 183
232 168
232 152
233 113
235 91
236 73
240 47
241 39
242 36
