47 33
42 74
31 138
22 181
21 190
19 196
17 209
15 227
14 249
13 285
13 302
15 345
16 398
16 423
17 458
17 477
16 484
17 490
16 493
17 520
21 552
24 575
27 599
30 622
32 641
35 656
37 664
227 664
227 657
227 628
226 626
225 604
225 578
224 557
225 548
224 545
224 540
224 536
224 530
224 525
223 521
223 518
222 499
221 486
221 484
221 478
221 475
219 457
218 440
218 418
218 393
221 363
224 333
231 298
236 272
241 244
242 242
242 231
242 228
245 224
244 219
245 213
246 204
245 192
244 177
243 170
242 163
242 159
243 155
242 149
244 137
247 116
249 106
249 37
