10 39
10 47
13 61
13 75
14 87
16 100
16 132
17 153
16 164
15 170
16 180
15 182
16 188
17 194
19 203
21 205
21 209
23 242
26 266
31 301
40 340
45 370
50 407
52 438
52 467
51 491
50 517
48 535
48 542
47 543
45 572
44 597
42 625
41 645
41 647
40 664
225 664
225 662
227 646
230 627
230 622
234 599
239 571
242 547
242 524
242 503
242 494
240 476
240 468
240 442
240 426
241 390
242 355
243 347
244 334
244 329
246 306
248 295
249 276
249 274
249 204
248 200
248 186
245 174
240 148
237 136
232 119
228 101
224 86
222 76
220 61
218 50
217 42
216 36
19 32
20 36
15 38
