5 39
3 114
3 153
4 155
3 159
3 171
5 173
2 179
2 189
3 191
1 195
1 234
2 242
3 256
3 257
2 261
4 274
5 277
3 280
2 326
1 330
1 468
2 471
2 473
0 475
1 477
2 479
1 481
0 489
2 491
0 493
1 499
2 502
1 506
2 508
3 519
0 519
2 531
2 536
2 540
2 546
3 550
2 552
4 559
5 567
4 569
5 575
6 578
4 580
6 588
8 602
10 620
12 633
13 639
14 644
20 664
240 664
241 662
241 660
241 654
242 650
242 647
242 644
242 638
242 636
243 633
242 629
240 622
240 615
240 609
239 597
240 592
241 586
241 579
241 566
241 563
243 558
243 554
243 535
243 532
243 514
241 511
242 508
243 502
243 492
243 485
242 474
243 466
244 456
244 449
245 441
245 437
244 434
246 432
246 428
246 426
247 422
247 416
248 413
248 403
248 390
249 366
249 35
54 33
19 33
18 35
16 37
10 38
