1 39
0 309
2 317
7 339
13 373
16 385
19 406
21 431
22 452
21 469
21 484
21 499
21 507
21 520
19 524
19 537
19 554
18 557
18 574
18 588
18 609
18 625
17 630
18 636
20 648
21 655
24 662
24 664
236 664
237 663
237 659
238 657
238 654
240 652
240 648
241 645
242 635
243 628
244 627
244 625
245 614
247 608
249 593
249 589
249 366
249 364
249 342
248 341
249 328
248 327
248 319
247 318
248 316
248 304
247 302
247 300
247 296
246 294
247 289
246 288
247 284
246 282
246 272
245 268
245 264
247 259
247 255
249 254
247 247
249 245
249 236
249 234
249 187
249 184
249 183
248 180
249 180
249 175
247 173
248 170
248 169
249 168
249 37
113 34
30 32
21 32
17 32
16 36
11 38
