0 38
0 295
2 303
10 339
16 375
17 392
18 394
18 403
20 408
21 426
21 441
21 452
21 470
20 473
20 478
21 483
20 486
20 490
20 513
18 514
19 516
20 520
19 530
19 536
20 543
19 548
19 555
19 571
19 580
19 588
19 597
19 607
18 611
19 619
19 626
20 635
21 649
21 652
24 662
25 664
242 664
243 664
243 660
244 655
245 650
246 645
247 641
247 634
248 629
249 616
249 613
249 283
249 280
248 275
249 274
249 267
248 265
249 263
249 263
249 258
249 257
248 253
249 252
249 250
248 242
249 241
249 176
249 174
248 171
247 169
247 167
247 164
248 163
248 161
249 147
249 146
249 36
238 36
163 34
79 33
20 32
18 32
17 35
16 37
5 39
