1 40
1 327
1 364
2 374
2 387
3 399
4 412
3 417
2 418
2 422
3 423
4 426
3 427
3 432
5 434
3 436
3 442
5 443
3 445
5 451
5 452
4 455
5 458
6 461
6 462
6 464
7 467
7 470
6 473
5 474
5 476
6 480
7 481
5 482
6 488
8 489
7 491
5 494
8 499
8 500
7 504
7 508
7 513
8 520
8 523
8 527
8 529
8 533
9 534
9 541
11 544
10 550
10 555
12 559
12 565
13 570
13 575
13 579
14 586
15 591
15 594
16 597
17 611
18 615
18 619
19 623
19 626
20 633
21 640
24 648
25 653
26 658
26 662
27 664
249 664
249 593
249 588
249 542
249 539
248 538
249 528
249 524
248 518
247 508
247 500
247 496
246 465
245 454
245 439
245 428
245 419
245 414
246 412
245 407
246 404
246 399
247 379
247 372
246 358
246 347
247 340
248 329
247 324
248 317
248 308
248 305
248 301
249 289
249 36
87 32
22 31
19 31
19 34
18 37
10 40
