19 32
17 35
13 37
10 37
12 70
14 104
16 136
18 170
19 198
20 218
21 231
22 239
22 244
23 247
25 251
23 255
23 295
22 317
23 321
23 323
24 326
23 330
23 343
24 355
24 364
25 369
25 373
25 383
27 394
27 406
28 419
29 424
29 432
29 442
28 449
29 464
30 480
31 488
32 491
32 495
31 498
32 503
32 506
31 510
31 523
31 536
31 558
31 568
33 585
34 596
36 611
38 621
43 643
46 656
49 664
228 664
228 656
227 650
228 643
229 631
228 619
228 612
228 607
229 603
229 592
229 583
229 568
228 557
228 549
228 544
229 533
226 521
224 515
224 512
225 498
225 487
225 473
226 452
228 427
229 412
229 406
232 391
238 361
242 335
244 313
246 294
247 289
247 285
248 280
249 272
249 266
249 257
249 36
