19 32
18 35
13 37
7 38
7 55
8 84
9 115
11 159
11 181
12 209
13 231
14 241
15 250
17 255
17 259
15 262
15 276
15 300
14 327
16 333
15 334
16 358
17 374
18 385
18 391
19 397
20 413
21 431
21 451
22 472
24 490
24 497
27 500
25 503
24 506
26 512
24 516
24 537
25 554
24 569
26 589
28 604
31 623
35 642
39 655
42 664
220 664
220 657
220 649
220 644
221 638
221 631
219 621
219 614
221 604
221 589
221 577
219 566
219 559
219 552
221 546
219 531
216 521
216 503
216 479
217 453
219 433
220 419
225 393
230 363
234 338
238 311
240 294
241 291
241 282
241 272
242 263
244 256
247 247
248 239
249 225
249 215
249 37
