0 39
0 146
2 152
3 162
5 168
7 176
8 185
11 192
11 196
13 201
14 207
15 211
15 216
17 224
25 260
24 264
25 272
27 275
26 277
28 289
29 293
30 297
30 302
31 309
31 320
31 323
31 326
31 331
31 335
32 341
32 344
32 350
34 363
36 370
36 374
36 378
38 385
39 390
41 402
41 412
42 416
43 421
44 428
45 441
44 443
45 473
44 476
46 479
45 499
44 517
43 519
43 526
44 528
43 530
43 556
44 569
44 575
43 589
43 611
43 613
42 640
218 641
218 636
219 634
219 631
219 629
219 625
220 624
220 621
220 619
221 617
221 615
221 612
221 610
220 608
222 606
221 604
222 601
223 589
224 586
226 572
226 558
228 542
229 528
230 513
230 511
230 501
231 499
230 483
231 479
230 474
232 471
234 459
233 456
234 449
235 435
235 427
236 419
236 414
236 411
237 409
236 400
237 394
237 391
237 389
238 387
238 379
238 375
238 371
240 366
240 364
238 360
239 358
241 354
241 348
242 345
242 340
243 338
243 333
244 332
244 324
245 317
244 315
244 312
245 311
246 295
247 282
248 280
247 278
247 273
248 269
248 266
246 263
246 260
247 259
247 256
247 253
246 251
245 248
245 246
246 244
246 241
246 238
246 228
246 227
247 225
246 206
246 203
246 201
247 193
246 191
247 183
246 172
247 155
248 146
248 137
249 127
249 117
249 108
248 93
248 80
249 72
248 62
248 59
248 54
246 37
90 33
21 31
20 34
18 37
11 39
5 39
