1 38
0 218
1 223
4 231
6 239
7 245
9 255
10 262
12 267
13 272
13 276
14 283
14 289
16 302
18 315
19 326
20 335
22 349
25 364
26 375
29 391
30 399
32 400
33 425
34 430
36 454
35 461
36 474
36 479
36 481
35 531
35 534
35 557
35 567
36 572
36 575
35 591
36 593
36 614
37 615
35 638
36 640
212 640
212 636
212 630
212 625
213 622
213 614
214 610
215 593
216 579
218 568
218 565
218 562
219 558
218 556
219 552
219 548
220 534
221 517
222 501
221 499
222 497
222 494
222 491
222 488
222 484
220 481
222 475
222 472
223 467
224 460
226 443
225 441
226 438
226 432
225 430
226 428
226 426
225 424
226 413
227 406
226 398
227 383
229 364
229 361
228 357
229 353
231 352
230 344
231 344
231 338
233 337
231 331
232 325
233 324
233 316
232 310
234 308
235 265
235 263
235 256
236 255
236 250
234 245
235 243
235 240
236 239
235 234
235 232
236 230
235 225
236 223
236 218
235 183
235 169
235 166
235 162
238 115
237 104
236 102
237 97
237 91
238 90
237 88
237 83
237 80
237 62
235 54
235 36
103 32
20 31
20 34
18 35
15 36
7 37
