11 40
10 45
10 57
9 75
9 84
9 95
8 105
9 111
9 120
10 130
9 139
10 150
9 155
9 164
8 166
8 172
9 177
10 182
9 185
8 190
9 199
8 203
8 210
9 215
8 217
9 225
8 227
8 235
8 244
7 247
7 250
7 253
8 255
9 259
7 262
7 274
6 277
6 296
6 300
6 302
7 305
7 309
7 315
7 322
7 326
6 332
8 335
9 337
7 340
8 349
11 389
13 391
13 424
15 426
14 427
14 433
16 434
15 435
16 473
17 475
16 478
15 483
17 485
16 488
15 512
15 515
14 523
15 531
15 543
15 556
16 572
17 581
16 582
17 591
18 598
19 606
21 622
21 629
23 640
209 640
210 639
209 636
209 634
209 631
209 629
209 626
208 623
208 622
209 620
209 618
209 615
209 613
210 612
210 609
210 587
210 583
211 582
211 567
212 565
211 558
212 556
212 552
213 542
213 532
213 524
213 521
213 516
214 512
214 507
215 501
215 495
215 491
216 487
217 484
216 482
216 479
217 476
218 472
218 464
217 459
218 455
219 449
219 442
220 437
220 433
220 430
221 422
222 419
222 407
221 404
222 401
223 386
224 382
224 378
224 373
225 366
225 361
226 354
227 344
228 331
230 312
231 300
231 298
232 296
233 281
234 278
234 274
235 270
237 262
239 258
239 254
241 250
242 244
244 238
244 233
245 229
246 225
248 219
249 213
249 209
249 37
185 36
151 35
111 35
86 34
20 32
20 34
19 37
15 39
