22 30
20 34
20 65
21 87
22 104
22 114
22 127
23 139
24 148
24 158
25 182
27 223
28 225
27 229
30 234
29 237
28 243
28 248
31 251
30 254
28 255
29 263
28 267
28 294
30 302
30 307
30 312
29 315
31 328
32 331
31 334
34 364
35 367
34 369
34 372
35 374
35 375
37 387
37 394
38 400
39 404
39 409
40 417
40 426
41 428
40 431
40 436
42 446
42 450
41 452
42 454
43 455
42 457
43 466
44 466
45 470
43 471
43 478
44 481
43 486
43 507
43 518
43 537
43 549
44 557
44 564
44 571
45 580
46 586
47 590
47 595
48 603
49 605
50 621
51 624
52 626
52 638
54 641
235 639
235 637
236 636
235 631
235 628
234 625
235 622
235 617
235 614
235 611
235 608
235 606
235 603
236 600
235 597
236 595
235 591
236 589
236 585
236 583
236 580
237 576
237 572
237 569
237 563
238 560
238 558
237 555
238 552
238 550
238 546
238 542
239 541
239 538
239 534
238 531
239 528
239 526
239 523
240 521
239 517
240 514
240 510
240 506
240 502
240 497
239 494
241 490
240 482
241 479
241 472
241 466
241 462
242 455
242 447
242 438
242 425
242 423
244 396
246 377
246 370
247 364
248 359
249 352
249 347
249 36
112 32
