3 38
4 87
8 124
9 136
11 156
15 188
17 208
19 229
19 256
19 275
21 300
25 327
28 345
33 373
35 385
37 411
39 458
40 469
40 482
41 494
41 525
40 539
40 559
39 571
38 584
37 602
37 622
38 637
38 649
38 655
39 657
38 664
218 664
218 658
219 650
222 637
224 626
226 610
227 597
230 580
231 564
232 548
232 524
232 501
232 485
231 480
230 476
232 474
231 470
232 462
234 439
235 409
236 372
238 335
240 310
241 280
241 258
241 248
239 244
239 239
238 234
237 230
237 223
237 217
238 215
237 209
237 203
237 198
235 164
234 137
234 126
233 103
232 82
231 73
230 55
228 35
105 33
39 32
20 32
20 34
14 37
5 38
