4 37
8 86
10 116
13 139
17 163
21 199
24 226
26 239
26 273
27 288
30 320
35 351
39 369
42 406
45 455
46 494
47 528
46 553
45 559
44 586
41 620
40 638
40 647
39 652
40 653
40 656
39 663
41 664
231 664
232 651
233 643
235 627
237 608
239 590
240 589
240 579
240 575
241 564
241 560
242 559
242 532
241 530
242 527
242 497
241 492
241 491
240 484
239 480
240 477
241 474
243 429
244 415
245 400
245 386
245 368
246 366
246 357
247 346
248 334
248 326
248 313
249 310
248 302
248 297
248 248
248 243
248 241
246 237
247 234
246 232
245 229
245 226
246 223
246 219
245 218
245 215
246 212
245 209
245 205
244 203
244 199
244 196
243 181
241 170
240 149
240 125
241 122
240 115
240 110
238 85
237 73
236 54
235 35
88 33
37 32
24 32
19 32
20 35
17 36
13 37
