8 39
8 48
7 57
7 73
7 86
8 99
7 101
8 113
7 117
8 128
7 133
7 156
6 157
5 185
6 191
5 195
4 199
4 206
4 210
4 217
4 222
4 226
4 230
5 232
4 236
5 240
5 244
6 247
6 253
6 257
6 264
7 266
7 269
6 271
7 278
8 289
9 291
9 294
8 300
10 306
11 312
12 319
13 324
14 326
16 328
15 331
15 335
16 347
18 349
17 353
18 357
18 365
21 366
19 369
21 393
21 413
22 414
23 435
24 436
25 453
27 454
26 459
28 461
29 462
28 465
26 473
26 476
25 477
26 508
27 539
27 542
27 544
28 547
27 549
28 551
28 554
28 560
29 561
29 564
29 600
29 603
31 605
32 612
32 618
32 624
34 627
35 633
35 636
36 642
37 647
39 651
40 654
41 658
41 662
43 664
246 664
246 662
246 658
245 656
245 644
244 640
244 628
244 600
243 597
244 578
244 575
244 570
243 567
244 565
245 562
244 557
244 547
243 537
242 530
242 524
241 512
240 496
239 481
239 462
238 443
238 424
238 403
239 393
239 376
239 363
241 339
242 333
243 330
243 318
244 310
245 308
245 305
246 290
246 287
247 284
248 282
248 276
249 269
249 37
87 33
20 32
19 35
18 37
13 38
