0 39
0 310
1 315
3 326
5 331
6 333
6 337
6 347
7 350
6 356
7 363
9 369
8 374
8 378
9 390
11 401
13 411
13 439
14 446
14 452
15 461
16 463
16 465
15 467
19 469
20 472
18 476
15 479
15 501
15 506
16 509
15 511
15 514
16 515
16 518
15 521
17 522
16 524
16 527
18 540
17 545
17 550
18 562
18 566
19 569
18 574
18 583
20 585
20 590
19 595
21 614
22 621
23 628
25 639
26 643
28 655
31 664
234 664
234 657
233 642
234 626
235 618
234 614
233 603
232 597
233 593
234 590
233 581
234 578
233 558
234 557
234 555
234 551
233 547
233 544
233 541
234 538
233 533
232 522
231 520
233 519
232 516
231 496
231 491
232 489
230 467
231 446
231 428
232 413
233 393
233 382
235 360
236 340
237 323
238 320
239 318
239 315
240 309
240 307
240 304
240 300
240 298
241 295
241 292
242 280
244 279
244 272
245 269
246 268
245 264
249 257
249 37
136 33
60 33
19 31
19 35
15 37
6 38
