0 38
0 205
1 212
4 221
7 233
9 245
13 281
15 293
16 309
20 329
22 352
24 373
27 404
28 433
29 461
31 479
31 498
32 513
32 520
31 526
32 533
31 536
31 540
31 546
32 553
32 569
33 570
32 592
32 601
30 614
29 619
29 624
29 631
30 639
246 641
246 639
246 637
246 635
246 633
247 621
247 617
249 612
249 608
248 606
248 603
248 600
249 595
249 583
249 581
249 571
249 570
249 525
248 516
248 501
248 488
247 481
245 476
244 472
243 469
243 468
246 459
247 457
246 450
246 445
246 442
247 437
248 408
249 407
249 380
249 378
249 112
248 82
247 57
246 56
247 55
246 37
55 32
19 31
19 34
17 36
8 38
