0 38
0 259
0 266
1 271
2 276
2 278
4 284
8 305
9 310
11 321
14 329
14 337
16 345
17 352
19 359
19 364
19 371
20 377
21 382
22 387
22 392
21 396
22 405
23 413
24 422
24 430
26 439
26 446
26 452
26 456
27 465
28 470
28 476
28 482
29 487
29 494
29 500
29 504
29 511
29 517
29 523
28 528
29 536
30 546
30 548
31 558
32 563
32 572
32 579
31 588
31 598
29 609
30 616
29 621
30 629
30 640
239 641
239 638
239 636
240 633
241 630
241 622
242 621
243 606
244 601
245 600
245 587
245 575
244 573
245 562
246 561
245 558
245 554
246 547
246 544
245 538
245 535
246 532
245 529
245 526
244 523
245 519
243 517
244 514
243 505
243 502
244 499
243 496
242 493
243 491
242 485
242 479
241 476
240 471
241 469
240 466
239 461
237 458
237 455
237 452
237 449
238 446
238 442
240 441
239 439
239 436
239 435
241 433
240 431
239 430
239 429
239 427
240 412
239 410
239 406
239 403
239 400
239 396
239 393
240 388
241 385
240 381
240 376
240 374
240 369
240 360
241 359
241 342
242 328
242 314
242 312
243 310
243 307
242 305
242 303
242 300
243 298
243 295
243 292
243 290
243 287
243 285
243 281
243 277
243 274
244 270
243 266
244 261
244 256
244 250
244 235
243 232
244 228
244 224
243 221
242 219
241 216
241 214
242 213
243 211
242 209
242 207
241 204
241 201
240 190
239 181
237 168
236 155
234 136
232 110
231 98
231 93
229 76
230 74
229 69
229 66
229 62
228 58
228 54
227 50
227 47
227 44
227 42
227 36
98 33
21 31
20 34
18 36
8 38
